Player		 Dealer	 Stand	 Hit	 Double	 Split	
[2, 2] 		2	730.0	730.0	None	460.0	
[3, 2] 		2	670.0	670.0	None	None	
[4, 2] 		2	694.0	708.0	None	None	
[5, 2] 		2	838.0	891.0	None	None	
[6, 2] 		2	840.0	1022.0	None	None	
[7, 2] 		2	726.0	1084.0	1186.0	None	
[8, 2] 		2	786.0	1322.0	1626.0	None	
[9, 2] 		2	754.0	1288.0	1588.0	None	
[10, 2] 		2	614.0	781.0	None	None	
['A', 2] 		2	828.0	1090.0	None	None	
[2, 3] 		2	672.0	672.0	None	None	
[3, 3] 		2	712.0	724.0	None	424.0	
[4, 3] 		2	662.0	745.0	None	None	
[5, 3] 		2	762.0	952.0	None	None	
[6, 3] 		2	748.0	1117.0	1256.0	None	
[7, 3] 		2	776.0	1322.0	1600.0	None	
[8, 3] 		2	766.0	1370.0	1696.0	None	
[9, 3] 		2	750.0	684.0	None	None	
[10, 3] 		2	668.0	754.0	None	None	
['A', 3] 		2	770.0	1049.0	None	None	
[2, 4] 		2	668.0	679.0	None	None	
[3, 4] 		2	612.0	705.0	None	None	
[4, 4] 		2	740.0	928.0	None	480.0	
[5, 4] 		2	850.0	1111.0	1364.0	None	
[6, 4] 		2	790.0	1279.0	1490.0	None	
[7, 4] 		2	798.0	1389.0	1718.0	None	
[8, 4] 		2	754.0	696.0	None	None	
[9, 4] 		2	744.0	764.0	None	None	
[10, 4] 		2	620.0	632.0	None	None	
['A', 4] 		2	758.0	1015.0	None	None	
[2, 5] 		2	796.0	861.0	None	None	
[3, 5] 		2	766.0	933.0	None	None	
[4, 5] 		2	760.0	1089.0	1142.0	None	
[5, 5] 		2	766.0	1255.0	1542.0	532.0	
[6, 5] 		2	936.0	1403.0	1878.0	None	
[7, 5] 		2	806.0	684.0	None	None	
[8, 5] 		2	884.0	593.0	None	None	
[9, 5] 		2	866.0	631.0	None	None	
[10, 5] 		2	714.0	471.0	None	None	
['A', 5] 		2	794.0	960.0	None	None	
[2, 6] 		2	802.0	1000.0	None	None	
[3, 6] 		2	724.0	1120.0	1164.0	None	
[4, 6] 		2	756.0	1262.0	1548.0	None	
[5, 6] 		2	956.0	1458.0	1914.0	None	
[6, 6] 		2	764.0	715.0	None	551.0	
[7, 6] 		2	894.0	629.0	None	None	
[8, 6] 		2	926.0	718.0	None	None	
[9, 6] 		2	812.0	555.0	None	None	
[10, 6] 		2	706.0	639.0	None	None	
['A', 6] 		2	918.0	1008.0	None	None	
[2, 7] 		2	780.0	1120.0	1240.0	None	
[3, 7] 		2	758.0	1275.0	1592.0	None	
[4, 7] 		2	754.0	1344.0	1670.0	None	
[5, 7] 		2	878.0	703.0	None	None	
[6, 7] 		2	882.0	552.0	None	None	
[7, 7] 		2	766.0	525.0	None	694.0	
[8, 7] 		2	820.0	730.0	None	None	
[9, 7] 		2	786.0	595.0	None	None	
[10, 7] 		2	800.0	478.0	None	None	
['A', 7] 		2	1183.0	1057.0	None	None	
[2, 8] 		2	776.0	1296.0	1466.0	None	
[3, 8] 		2	780.0	1362.0	1716.0	None	
[4, 8] 		2	776.0	701.0	None	None	
[5, 8] 		2	842.0	603.0	None	None	
[6, 8] 		2	836.0	636.0	None	None	
[7, 8] 		2	812.0	757.0	None	None	
[8, 8] 		2	804.0	541.0	None	1047.0	
[9, 8] 		2	940.0	546.0	None	None	
[10, 8] 		2	1159.0	345.0	None	None	
['A', 8] 		2	1481.0	1097.0	None	None	
[2, 9] 		2	726.0	1285.0	1470.0	None	
[3, 9] 		2	742.0	703.0	None	None	
[4, 9] 		2	762.0	762.0	None	None	
[5, 9] 		2	924.0	666.0	None	None	
[6, 9] 		2	834.0	537.0	None	None	
[7, 9] 		2	844.0	645.0	None	None	
[8, 9] 		2	925.0	531.0	None	None	
[9, 9] 		2	1158.0	324.0	None	1165.0	
[10, 9] 		2	1390.0	209.0	None	None	
['A', 9] 		2	1737.0	1210.0	None	None	
[2, 10] 		2	648.0	787.0	None	None	
[3, 10] 		2	626.0	697.0	None	None	
[4, 10] 		2	640.0	639.0	None	None	
[5, 10] 		2	748.0	464.0	None	None	
[6, 10] 		2	736.0	582.0	None	None	
[7, 10] 		2	807.0	447.0	None	None	
[8, 10] 		2	1203.0	373.0	None	None	
[9, 10] 		2	1388.0	213.0	None	None	
[10, 10] 		2	1617.0	163.0	None	1286.5	
['A', 10] 		2	2500.0	1211.0	None	None	
[2, 'A'] 		2	794.0	1032.0	None	None	
[3, 'A'] 		2	754.0	1053.0	None	None	
[4, 'A'] 		2	682.0	944.0	None	None	
[5, 'A'] 		2	876.0	999.0	None	None	
[6, 'A'] 		2	926.0	1030.0	None	None	
[7, 'A'] 		2	1210.0	1073.0	None	None	
[8, 'A'] 		2	1497.0	1133.0	None	None	
[9, 'A'] 		2	1740.0	1239.0	None	None	
[10, 'A'] 		2	2500.0	1305.0	None	None	
['A', 'A'] 		2	772.0	1058.0	None	2101.5	
[2, 2] 		3	758.0	758.0	None	516.0	
[3, 2] 		3	708.0	708.0	None	None	
[4, 2] 		3	768.0	772.0	None	None	
[5, 2] 		3	806.0	879.0	None	None	
[6, 2] 		3	812.0	1046.0	None	None	
[7, 2] 		3	822.0	1211.0	1454.0	None	
[8, 2] 		3	798.0	1360.0	1754.0	None	
[9, 2] 		3	650.0	1280.0	1524.0	None	
[10, 2] 		3	604.0	760.0	None	None	
['A', 2] 		3	760.0	1084.0	None	None	
[2, 3] 		3	698.0	698.0	None	None	
[3, 3] 		3	762.0	768.0	None	524.0	
[4, 3] 		3	784.0	834.0	None	None	
[5, 3] 		3	886.0	1036.0	None	None	
[6, 3] 		3	882.0	1182.0	1454.0	None	
[7, 3] 		3	874.0	1363.0	1736.0	None	
[8, 3] 		3	828.0	1422.0	1678.0	None	
[9, 3] 		3	684.0	609.0	None	None	
[10, 3] 		3	684.0	739.0	None	None	
['A', 3] 		3	746.0	1044.0	None	None	
[2, 4] 		3	780.0	786.0	None	None	
[3, 4] 		3	830.0	895.0	None	None	
[4, 4] 		3	820.0	967.0	None	640.0	
[5, 4] 		3	970.0	1181.0	1376.0	None	
[6, 4] 		3	958.0	1343.0	1668.0	None	
[7, 4] 		3	952.0	1422.0	1904.0	None	
[8, 4] 		3	854.0	721.0	None	None	
[9, 4] 		3	810.0	747.0	None	None	
[10, 4] 		3	776.0	600.0	None	None	
['A', 4] 		3	816.0	973.0	None	None	
[2, 5] 		3	794.0	864.0	None	None	
[3, 5] 		3	902.0	1050.0	None	None	
[4, 5] 		3	956.0	1169.0	1358.0	None	
[5, 5] 		3	832.0	1307.0	1554.0	664.0	
[6, 5] 		3	1006.0	1484.0	1970.0	None	
[7, 5] 		3	920.0	741.0	None	None	
[8, 5] 		3	968.0	635.0	None	None	
[9, 5] 		3	790.0	603.0	None	None	
[10, 5] 		3	726.0	523.0	None	None	
['A', 5] 		3	874.0	992.0	None	None	
[2, 6] 		3	774.0	1022.0	None	None	
[3, 6] 		3	784.0	1136.0	1200.0	None	
[4, 6] 		3	940.0	1356.0	1700.0	None	
[5, 6] 		3	1022.0	1538.0	2058.0	None	
[6, 6] 		3	850.0	809.0	None	724.0	
[7, 6] 		3	942.0	611.0	None	None	
[8, 6] 		3	896.0	651.0	None	None	
[9, 6] 		3	728.0	442.0	None	None	
[10, 6] 		3	776.0	572.0	None	None	
['A', 6] 		3	955.0	1037.0	None	None	
[2, 7] 		3	820.0	1223.0	1386.0	None	
[3, 7] 		3	868.0	1356.0	1788.0	None	
[4, 7] 		3	946.0	1432.0	1868.0	None	
[5, 7] 		3	932.0	784.0	None	None	
[6, 7] 		3	886.0	572.0	None	None	
[7, 7] 		3	788.0	556.0	None	758.0	
[8, 7] 		3	912.0	741.0	None	None	
[9, 7] 		3	754.0	584.0	None	None	
[10, 7] 		3	864.0	526.0	None	None	
['A', 7] 		3	1284.0	1135.0	None	None	
[2, 8] 		3	838.0	1363.0	1846.0	None	
[3, 8] 		3	766.0	1283.0	1590.0	None	
[4, 8] 		3	930.0	764.0	None	None	
[5, 8] 		3	906.0	626.0	None	None	
[6, 8] 		3	914.0	666.0	None	None	
[7, 8] 		3	910.0	729.0	None	None	
[8, 8] 		3	818.0	561.0	None	1074.0	
[9, 8] 		3	841.0	432.0	None	None	
[10, 8] 		3	1169.0	334.0	None	None	
['A', 8] 		3	1482.0	1257.0	None	None	
[2, 9] 		3	652.0	1217.0	1468.0	None	
[3, 9] 		3	666.0	622.0	None	None	
[4, 9] 		3	786.0	748.0	None	None	
[5, 9] 		3	724.0	537.0	None	None	
[6, 9] 		3	784.0	500.0	None	None	
[7, 9] 		3	718.0	554.0	None	None	
[8, 9] 		3	894.0	430.0	None	None	
[9, 9] 		3	1098.0	270.0	None	1023.0	
[10, 9] 		3	1325.0	335.0	None	None	
['A', 9] 		3	1630.0	1117.0	None	None	
[2, 10] 		3	608.0	816.0	None	None	
[3, 10] 		3	672.0	765.0	None	None	
[4, 10] 		3	766.0	632.0	None	None	
[5, 10] 		3	756.0	513.0	None	None	
[6, 10] 		3	792.0	587.0	None	None	
[7, 10] 		3	903.0	476.0	None	None	
[8, 10] 		3	1163.0	363.0	None	None	
[9, 10] 		3	1294.0	354.0	None	None	
[10, 10] 		3	1594.0	170.0	None	1323.0	
['A', 10] 		3	2500.0	1286.0	None	None	
[2, 'A'] 		3	782.0	1063.0	None	None	
[3, 'A'] 		3	742.0	999.0	None	None	
[4, 'A'] 		3	822.0	1012.0	None	None	
[5, 'A'] 		3	824.0	938.0	None	None	
[6, 'A'] 		3	991.0	1071.0	None	None	
[7, 'A'] 		3	1266.0	1106.0	None	None	
[8, 'A'] 		3	1498.0	1265.0	None	None	
[9, 'A'] 		3	1655.0	1126.0	None	None	
[10, 'A'] 		3	2500.0	1256.0	None	None	
['A', 'A'] 		3	794.0	1056.0	None	2145.0	
[2, 2] 		4	850.0	850.0	None	700.0	
[3, 2] 		4	920.0	920.0	None	None	
[4, 2] 		4	932.0	938.0	None	None	
[5, 2] 		4	994.0	1058.0	None	None	
[6, 2] 		4	950.0	1137.0	None	None	
[7, 2] 		4	928.0	1277.0	1590.0	None	
[8, 2] 		4	778.0	1261.0	1548.0	None	
[9, 2] 		4	766.0	1305.0	1638.0	None	
[10, 2] 		4	784.0	818.0	None	None	
['A', 2] 		4	856.0	1119.0	None	None	
[2, 3] 		4	878.0	878.0	None	None	
[3, 3] 		4	944.0	951.0	None	888.0	
[4, 3] 		4	964.0	1009.0	None	None	
[5, 3] 		4	1124.0	1232.0	None	None	
[6, 3] 		4	1064.0	1303.0	1564.0	None	
[7, 3] 		4	1042.0	1421.0	1834.0	None	
[8, 3] 		4	912.0	1373.0	1700.0	None	
[9, 3] 		4	906.0	683.0	None	None	
[10, 3] 		4	816.0	759.0	None	None	
['A', 3] 		4	1000.0	1204.0	None	None	
[2, 4] 		4	860.0	870.0	None	None	
[3, 4] 		4	972.0	1011.0	None	None	
[4, 4] 		4	862.0	1030.0	None	724.0	
[5, 4] 		4	972.0	1238.0	1462.0	None	
[6, 4] 		4	1016.0	1413.0	1924.0	None	
[7, 4] 		4	950.0	1454.0	1882.0	None	
[8, 4] 		4	904.0	737.0	None	None	
[9, 4] 		4	832.0	768.0	None	None	
[10, 4] 		4	746.0	705.0	None	None	
['A', 4] 		4	882.0	1092.0	None	None	
[2, 5] 		4	928.0	1008.0	None	None	
[3, 5] 		4	1070.0	1195.0	None	None	
[4, 5] 		4	1018.0	1307.0	1588.0	None	
[5, 5] 		4	1002.0	1340.0	1746.0	1004.0	
[6, 5] 		4	1102.0	1567.0	2132.0	None	
[7, 5] 		4	1068.0	843.0	None	None	
[8, 5] 		4	962.0	662.0	None	None	
[9, 5] 		4	910.0	647.0	None	None	
[10, 5] 		4	892.0	554.0	None	None	
['A', 5] 		4	996.0	1071.0	None	None	
[2, 6] 		4	978.0	1173.0	None	None	
[3, 6] 		4	1112.0	1340.0	1630.0	None	
[4, 6] 		4	998.0	1417.0	1882.0	None	
[5, 6] 		4	1128.0	1574.0	2062.0	None	
[6, 6] 		4	968.0	826.0	None	967.0	
[7, 6] 		4	1118.0	636.0	None	None	
[8, 6] 		4	896.0	648.0	None	None	
[9, 6] 		4	898.0	534.0	None	None	
[10, 6] 		4	850.0	564.0	None	None	
['A', 6] 		4	1124.0	1198.0	None	None	
[2, 7] 		4	926.0	1201.0	1524.0	None	
[3, 7] 		4	1114.0	1465.0	1988.0	None	
[4, 7] 		4	940.0	1455.0	1864.0	None	
[5, 7] 		4	1122.0	888.0	None	None	
[6, 7] 		4	1120.0	701.0	None	None	
[7, 7] 		4	932.0	568.0	None	1013.0	
[8, 7] 		4	868.0	707.0	None	None	
[9, 7] 		4	816.0	594.0	None	None	
[10, 7] 		4	973.0	483.0	None	None	
['A', 7] 		4	1367.0	1362.0	None	None	
[2, 8] 		4	852.0	1305.0	1628.0	None	
[3, 8] 		4	934.0	1419.0	1826.0	None	
[4, 8] 		4	846.0	742.0	None	None	
[5, 8] 		4	912.0	558.0	None	None	
[6, 8] 		4	850.0	654.0	None	None	
[7, 8] 		4	872.0	682.0	None	None	
[8, 8] 		4	770.0	452.0	None	878.0	
[9, 8] 		4	845.0	440.0	None	None	
[10, 8] 		4	1146.0	484.0	None	None	
['A', 8] 		4	1371.0	1186.0	None	None	
[2, 9] 		4	766.0	1342.0	1546.0	None	
[3, 9] 		4	900.0	715.0	None	None	
[4, 9] 		4	796.0	825.0	None	None	
[5, 9] 		4	962.0	633.0	None	None	
[6, 9] 		4	892.0	522.0	None	None	
[7, 9] 		4	844.0	588.0	None	None	
[8, 9] 		4	917.0	469.0	None	None	
[9, 9] 		4	1162.0	450.0	None	1298.0	
[10, 9] 		4	1382.0	357.0	None	None	
['A', 9] 		4	1703.0	1248.0	None	None	
[2, 10] 		4	788.0	851.0	None	None	
[3, 10] 		4	854.0	778.0	None	None	
[4, 10] 		4	790.0	653.0	None	None	
[5, 10] 		4	882.0	509.0	None	None	
[6, 10] 		4	940.0	644.0	None	None	
[7, 10] 		4	999.0	485.0	None	None	
[8, 10] 		4	1169.0	455.0	None	None	
[9, 10] 		4	1388.0	383.0	None	None	
[10, 10] 		4	1606.0	161.0	None	1515.5	
['A', 10] 		4	2500.0	1375.0	None	None	
[2, 'A'] 		4	844.0	1133.0	None	None	
[3, 'A'] 		4	936.0	1145.0	None	None	
[4, 'A'] 		4	894.0	1065.0	None	None	
[5, 'A'] 		4	976.0	1049.0	None	None	
[6, 'A'] 		4	1118.0	1172.0	None	None	
[7, 'A'] 		4	1320.0	1329.0	None	None	
[8, 'A'] 		4	1371.0	1181.0	None	None	
[9, 'A'] 		4	1644.0	1206.0	None	None	
[10, 'A'] 		4	2500.0	1313.0	None	None	
['A', 'A'] 		4	826.0	1069.0	None	2062.0	
[2, 2] 		5	962.0	962.0	None	924.0	
[3, 2] 		5	1100.0	1100.0	None	None	
[4, 2] 		5	1146.0	1152.0	None	None	
[5, 2] 		5	1040.0	1079.0	None	None	
[6, 2] 		5	1104.0	1286.0	None	None	
[7, 2] 		5	932.0	1241.0	1468.0	None	
[8, 2] 		5	918.0	1366.0	1732.0	None	
[9, 2] 		5	966.0	1428.0	1762.0	None	
[10, 2] 		5	906.0	888.0	None	None	
['A', 2] 		5	1038.0	1276.0	None	None	
[2, 3] 		5	1140.0	1140.0	None	None	
[3, 3] 		5	1022.0	1034.0	None	1044.0	
[4, 3] 		5	1216.0	1298.0	None	None	
[5, 3] 		5	1034.0	1189.0	None	None	
[6, 3] 		5	1142.0	1437.0	1892.0	None	
[7, 3] 		5	944.0	1429.0	1790.0	None	
[8, 3] 		5	972.0	1436.0	1850.0	None	
[9, 3] 		5	968.0	734.0	None	None	
[10, 3] 		5	946.0	787.0	None	None	
['A', 3] 		5	1068.0	1231.0	None	None	
[2, 4] 		5	1190.0	1194.0	None	None	
[3, 4] 		5	1174.0	1241.0	None	None	
[4, 4] 		5	980.0	1198.0	None	960.0	
[5, 4] 		5	1048.0	1355.0	1768.0	None	
[6, 4] 		5	1180.0	1615.0	2260.0	None	
[7, 4] 		5	980.0	1464.0	1946.0	None	
[8, 4] 		5	1050.0	787.0	None	None	
[9, 4] 		5	1002.0	845.0	None	None	
[10, 4] 		5	978.0	660.0	None	None	
['A', 4] 		5	1074.0	1195.0	None	None	
[2, 5] 		5	1040.0	1089.0	None	None	
[3, 5] 		5	1044.0	1195.0	None	None	
[4, 5] 		5	1070.0	1388.0	1756.0	None	
[5, 5] 		5	970.0	1384.0	1780.0	940.0	
[6, 5] 		5	1034.0	1578.0	2088.0	None	
[7, 5] 		5	890.0	730.0	None	None	
[8, 5] 		5	850.0	563.0	None	None	
[9, 5] 		5	866.0	728.0	None	None	
[10, 5] 		5	794.0	566.0	None	None	
['A', 5] 		5	986.0	1131.0	None	None	
[2, 6] 		5	1136.0	1298.0	None	None	
[3, 6] 		5	1108.0	1442.0	1840.0	None	
[4, 6] 		5	1178.0	1648.0	2306.0	None	
[5, 6] 		5	1002.0	1512.0	2116.0	None	
[6, 6] 		5	1040.0	841.0	None	1101.0	
[7, 6] 		5	940.0	592.0	None	None	
[8, 6] 		5	1018.0	689.0	None	None	
[9, 6] 		5	940.0	496.0	None	None	
[10, 6] 		5	884.0	622.0	None	None	
['A', 6] 		5	1205.0	1341.0	None	None	
[2, 7] 		5	894.0	1237.0	1506.0	None	
[3, 7] 		5	1022.0	1477.0	1926.0	None	
[4, 7] 		5	946.0	1450.0	1946.0	None	
[5, 7] 		5	856.0	759.0	None	None	
[6, 7] 		5	980.0	602.0	None	None	
[7, 7] 		5	846.0	512.0	None	862.0	
[8, 7] 		5	742.0	611.0	None	None	
[9, 7] 		5	820.0	590.0	None	None	
[10, 7] 		5	976.0	622.0	None	None	
['A', 7] 		5	1283.0	1233.0	None	None	
[2, 8] 		5	958.0	1371.0	1824.0	None	
[3, 8] 		5	938.0	1417.0	1830.0	None	
[4, 8] 		5	980.0	809.0	None	None	
[5, 8] 		5	882.0	645.0	None	None	
[6, 8] 		5	944.0	630.0	None	None	
[7, 8] 		5	860.0	668.0	None	None	
[8, 8] 		5	806.0	510.0	None	1057.0	
[9, 8] 		5	910.0	613.0	None	None	
[10, 8] 		5	1206.0	482.0	None	None	
['A', 8] 		5	1564.0	1292.0	None	None	
[2, 9] 		5	1002.0	1446.0	1904.0	None	
[3, 9] 		5	936.0	732.0	None	None	
[4, 9] 		5	964.0	798.0	None	None	
[5, 9] 		5	786.0	653.0	None	None	
[6, 9] 		5	932.0	525.0	None	None	
[7, 9] 		5	826.0	516.0	None	None	
[8, 9] 		5	901.0	584.0	None	None	
[9, 9] 		5	1228.0	464.0	None	1336.0	
[10, 9] 		5	1481.0	393.0	None	None	
['A', 9] 		5	1720.0	1279.0	None	None	
[2, 10] 		5	902.0	873.0	None	None	
[3, 10] 		5	904.0	791.0	None	None	
[4, 10] 		5	936.0	691.0	None	None	
[5, 10] 		5	822.0	567.0	None	None	
[6, 10] 		5	904.0	548.0	None	None	
[7, 10] 		5	987.0	636.0	None	None	
[8, 10] 		5	1231.0	514.0	None	None	
[9, 10] 		5	1479.0	383.0	None	None	
[10, 10] 		5	1675.0	158.0	None	1579.5	
['A', 10] 		5	2500.0	1317.0	None	None	
[2, 'A'] 		5	1002.0	1235.0	None	None	
[3, 'A'] 		5	1076.0	1233.0	None	None	
[4, 'A'] 		5	1082.0	1226.0	None	None	
[5, 'A'] 		5	982.0	1138.0	None	None	
[6, 'A'] 		5	1228.0	1366.0	None	None	
[7, 'A'] 		5	1307.0	1275.0	None	None	
[8, 'A'] 		5	1528.0	1284.0	None	None	
[9, 'A'] 		5	1731.0	1294.0	None	None	
[10, 'A'] 		5	2500.0	1364.0	None	None	
['A', 'A'] 		5	878.0	1124.0	None	2231.5	
[2, 2] 		6	820.0	820.0	None	640.0	
[3, 2] 		6	1016.0	1016.0	None	None	
[4, 2] 		6	1038.0	1060.0	None	None	
[5, 2] 		6	1028.0	1149.0	None	None	
[6, 2] 		6	912.0	1107.0	None	None	
[7, 2] 		6	900.0	1239.0	1526.0	None	
[8, 2] 		6	896.0	1375.0	1738.0	None	
[9, 2] 		6	832.0	1362.0	1734.0	None	
[10, 2] 		6	822.0	845.0	None	None	
['A', 2] 		6	1056.0	1237.0	None	None	
[2, 3] 		6	1024.0	1024.0	None	None	
[3, 3] 		6	926.0	938.0	None	852.0	
[4, 3] 		6	1036.0	1143.0	None	None	
[5, 3] 		6	1028.0	1302.0	None	None	
[6, 3] 		6	992.0	1325.0	1618.0	None	
[7, 3] 		6	936.0	1412.0	1844.0	None	
[8, 3] 		6	854.0	1394.0	1824.0	None	
[9, 3] 		6	836.0	661.0	None	None	
[10, 3] 		6	844.0	810.0	None	None	
['A', 3] 		6	1074.0	1226.0	None	None	
[2, 4] 		6	1072.0	1099.0	None	None	
[3, 4] 		6	1038.0	1151.0	None	None	
[4, 4] 		6	904.0	1129.0	None	808.0	
[5, 4] 		6	1030.0	1477.0	1950.0	None	
[6, 4] 		6	916.0	1416.0	1798.0	None	
[7, 4] 		6	894.0	1494.0	2032.0	None	
[8, 4] 		6	878.0	772.0	None	None	
[9, 4] 		6	872.0	760.0	None	None	
[10, 4] 		6	858.0	652.0	None	None	
['A', 4] 		6	1106.0	1217.0	None	None	
[2, 5] 		6	1042.0	1157.0	None	None	
[3, 5] 		6	1088.0	1330.0	None	None	
[4, 5] 		6	1092.0	1507.0	1938.0	None	
[5, 5] 		6	950.0	1479.0	1886.0	900.0	
[6, 5] 		6	940.0	1513.0	2042.0	None	
[7, 5] 		6	886.0	741.0	None	None	
[8, 5] 		6	890.0	606.0	None	None	
[9, 5] 		6	826.0	627.0	None	None	
[10, 5] 		6	814.0	476.0	None	None	
['A', 5] 		6	1120.0	1267.0	None	None	
[2, 6] 		6	916.0	1130.0	None	None	
[3, 6] 		6	922.0	1286.0	1570.0	None	
[4, 6] 		6	928.0	1431.0	1850.0	None	
[5, 6] 		6	900.0	1509.0	1936.0	None	
[6, 6] 		6	836.0	868.0	None	688.0	
[7, 6] 		6	820.0	615.0	None	None	
[8, 6] 		6	856.0	687.0	None	None	
[9, 6] 		6	796.0	588.0	None	None	
[10, 6] 		6	768.0	656.0	None	None	
['A', 6] 		6	1031.0	1168.0	None	None	
[2, 7] 		6	928.0	1273.0	1576.0	None	
[3, 7] 		6	836.0	1332.0	1708.0	None	
[4, 7] 		6	874.0	1437.0	1896.0	None	
[5, 7] 		6	858.0	706.0	None	None	
[6, 7] 		6	734.0	578.0	None	None	
[7, 7] 		6	804.0	502.0	None	832.0	
[8, 7] 		6	714.0	627.0	None	None	
[9, 7] 		6	734.0	682.0	None	None	
[10, 7] 		6	915.0	598.0	None	None	
['A', 7] 		6	1198.0	1199.0	None	None	
[2, 8] 		6	854.0	1342.0	1698.0	None	
[3, 8] 		6	872.0	1392.0	1868.0	None	
[4, 8] 		6	884.0	745.0	None	None	
[5, 8] 		6	890.0	578.0	None	None	
[6, 8] 		6	820.0	647.0	None	None	
[7, 8] 		6	734.0	631.0	None	None	
[8, 8] 		6	732.0	647.0	None	1059.0	
[9, 8] 		6	910.0	593.0	None	None	
[10, 8] 		6	1260.0	513.0	None	None	
['A', 8] 		6	1460.0	1226.0	None	None	
[2, 9] 		6	828.0	1357.0	1672.0	None	
[3, 9] 		6	854.0	674.0	None	None	
[4, 9] 		6	854.0	779.0	None	None	
[5, 9] 		6	854.0	573.0	None	None	
[6, 9] 		6	764.0	555.0	None	None	
[7, 9] 		6	694.0	777.0	None	None	
[8, 9] 		6	926.0	636.0	None	None	
[9, 9] 		6	1255.0	468.0	None	1359.0	
[10, 9] 		6	1479.0	358.0	None	None	
['A', 9] 		6	1660.0	1244.0	None	None	
[2, 10] 		6	838.0	893.0	None	None	
[3, 10] 		6	848.0	782.0	None	None	
[4, 10] 		6	852.0	615.0	None	None	
[5, 10] 		6	814.0	497.0	None	None	
[6, 10] 		6	744.0	694.0	None	None	
[7, 10] 		6	937.0	650.0	None	None	
[8, 10] 		6	1211.0	483.0	None	None	
[9, 10] 		6	1482.0	343.0	None	None	
[10, 10] 		6	1673.0	173.0	None	1515.0	
['A', 10] 		6	2500.0	1372.0	None	None	
[2, 'A'] 		6	1100.0	1241.0	None	None	
[3, 'A'] 		6	1130.0	1267.0	None	None	
[4, 'A'] 		6	1056.0	1155.0	None	None	
[5, 'A'] 		6	1114.0	1268.0	None	None	
[6, 'A'] 		6	1029.0	1189.0	None	None	
[7, 'A'] 		6	1148.0	1184.0	None	None	
[8, 'A'] 		6	1406.0	1242.0	None	None	
[9, 'A'] 		6	1668.0	1210.0	None	None	
[10, 'A'] 		6	2500.0	1362.0	None	None	
['A', 'A'] 		6	976.0	1175.0	None	2305.0	
[2, 2] 		7	474.0	474.0	None	-52.0	
[3, 2] 		7	552.0	552.0	None	None	
[4, 2] 		7	522.0	559.0	None	None	
[5, 2] 		7	470.0	761.0	None	None	
[6, 2] 		7	424.0	972.0	None	None	
[7, 2] 		7	524.0	1134.0	1240.0	None	
[8, 2] 		7	430.0	1251.0	1574.0	None	
[9, 2] 		7	384.0	1148.0	1272.0	None	
[10, 2] 		7	512.0	746.0	None	None	
['A', 2] 		7	578.0	973.0	None	None	
[2, 3] 		7	562.0	562.0	None	None	
[3, 3] 		7	544.0	583.0	None	88.0	
[4, 3] 		7	570.0	811.0	None	None	
[5, 3] 		7	456.0	1024.0	None	None	
[6, 3] 		7	504.0	1237.0	1426.0	None	
[7, 3] 		7	472.0	1282.0	1556.0	None	
[8, 3] 		7	450.0	1185.0	1456.0	None	
[9, 3] 		7	450.0	568.0	None	None	
[10, 3] 		7	510.0	708.0	None	None	
['A', 3] 		7	524.0	796.0	None	None	
[2, 4] 		7	596.0	631.0	None	None	
[3, 4] 		7	580.0	838.0	None	None	
[4, 4] 		7	464.0	976.0	None	-72.0	
[5, 4] 		7	486.0	1267.0	1528.0	None	
[6, 4] 		7	396.0	1374.0	1836.0	None	
[7, 4] 		7	498.0	1319.0	1594.0	None	
[8, 4] 		7	450.0	596.0	None	None	
[9, 4] 		7	412.0	623.0	None	None	
[10, 4] 		7	520.0	551.0	None	None	
['A', 4] 		7	580.0	980.0	None	None	
[2, 5] 		7	470.0	760.0	None	None	
[3, 5] 		7	486.0	1020.0	None	None	
[4, 5] 		7	512.0	1264.0	1490.0	None	
[5, 5] 		7	414.0	1248.0	1462.0	-172.0	
[6, 5] 		7	394.0	1238.0	1594.0	None	
[7, 5] 		7	466.0	654.0	None	None	
[8, 5] 		7	408.0	373.0	None	None	
[9, 5] 		7	388.0	425.0	None	None	
[10, 5] 		7	462.0	654.0	None	None	
['A', 5] 		7	542.0	843.0	None	None	
[2, 6] 		7	488.0	1023.0	None	None	
[3, 6] 		7	456.0	1192.0	1416.0	None	
[4, 6] 		7	520.0	1464.0	1846.0	None	
[5, 6] 		7	412.0	1241.0	1636.0	None	
[6, 6] 		7	506.0	595.0	None	76.0	
[7, 6] 		7	482.0	513.0	None	None	
[8, 6] 		7	404.0	486.0	None	None	
[9, 6] 		7	358.0	584.0	None	None	
[10, 6] 		7	436.0	748.0	None	None	
['A', 6] 		7	939.0	1035.0	None	None	
[2, 7] 		7	452.0	1132.0	1176.0	None	
[3, 7] 		7	518.0	1281.0	1618.0	None	
[4, 7] 		7	476.0	1259.0	1504.0	None	
[5, 7] 		7	440.0	653.0	None	None	
[6, 7] 		7	438.0	549.0	None	None	
[7, 7] 		7	526.0	569.0	None	474.0	
[8, 7] 		7	492.0	782.0	None	None	
[9, 7] 		7	442.0	697.0	None	None	
[10, 7] 		7	862.0	667.0	None	None	
['A', 7] 		7	1438.0	1130.0	None	None	
[2, 8] 		7	400.0	1178.0	1402.0	None	
[3, 8] 		7	472.0	1235.0	1492.0	None	
[4, 8] 		7	428.0	581.0	None	None	
[5, 8] 		7	394.0	389.0	None	None	
[6, 8] 		7	352.0	500.0	None	None	
[7, 8] 		7	442.0	731.0	None	None	
[8, 8] 		7	456.0	721.0	None	901.0	
[9, 8] 		7	825.0	673.0	None	None	
[10, 8] 		7	1350.0	515.0	None	None	
['A', 8] 		7	1600.0	1203.0	None	None	
[2, 9] 		7	436.0	1184.0	1380.0	None	
[3, 9] 		7	430.0	580.0	None	None	
[4, 9] 		7	412.0	630.0	None	None	
[5, 9] 		7	376.0	497.0	None	None	
[6, 9] 		7	400.0	587.0	None	None	
[7, 9] 		7	444.0	692.0	None	None	
[8, 9] 		7	841.0	661.0	None	None	
[9, 9] 		7	1427.0	492.0	None	1074.0	
[10, 9] 		7	1566.0	374.0	None	None	
['A', 9] 		7	1774.0	1083.0	None	None	
[2, 10] 		7	528.0	838.0	None	None	
[3, 10] 		7	528.0	710.0	None	None	
[4, 10] 		7	528.0	565.0	None	None	
[5, 10] 		7	554.0	594.0	None	None	
[6, 10] 		7	432.0	750.0	None	None	
[7, 10] 		7	862.0	598.0	None	None	
[8, 10] 		7	1370.0	518.0	None	None	
[9, 10] 		7	1573.0	380.0	None	None	
[10, 10] 		7	1776.0	172.0	None	1340.0	
['A', 10] 		7	2500.0	1194.0	None	None	
[2, 'A'] 		7	574.0	967.0	None	None	
[3, 'A'] 		7	612.0	957.0	None	None	
[4, 'A'] 		7	630.0	999.0	None	None	
[5, 'A'] 		7	548.0	862.0	None	None	
[6, 'A'] 		7	936.0	1034.0	None	None	
[7, 'A'] 		7	1431.0	1135.0	None	None	
[8, 'A'] 		7	1552.0	1119.0	None	None	
[9, 'A'] 		7	1739.0	1114.0	None	None	
[10, 'A'] 		7	2500.0	1230.0	None	None	
['A', 'A'] 		7	568.0	918.0	None	2056.5	
[2, 2] 		8	428.0	428.0	None	-144.0	
[3, 2] 		8	450.0	450.0	None	None	
[4, 2] 		8	428.0	442.0	None	None	
[5, 2] 		8	398.0	517.0	None	None	
[6, 2] 		8	446.0	883.0	None	None	
[7, 2] 		8	400.0	1146.0	1220.0	None	
[8, 2] 		8	402.0	1165.0	1320.0	None	
[9, 2] 		8	480.0	1126.0	1254.0	None	
[10, 2] 		8	430.0	671.0	None	None	
['A', 2] 		8	472.0	808.0	None	None	
[2, 3] 		8	462.0	462.0	None	None	
[3, 3] 		8	422.0	435.0	None	-156.0	
[4, 3] 		8	432.0	559.0	None	None	
[5, 3] 		8	400.0	809.0	None	None	
[6, 3] 		8	418.0	1105.0	1200.0	None	
[7, 3] 		8	458.0	1244.0	1572.0	None	
[8, 3] 		8	448.0	1216.0	1426.0	None	
[9, 3] 		8	476.0	497.0	None	None	
[10, 3] 		8	460.0	578.0	None	None	
['A', 3] 		8	492.0	994.0	None	None	
[2, 4] 		8	380.0	396.0	None	None	
[3, 4] 		8	398.0	520.0	None	None	
[4, 4] 		8	426.0	779.0	None	-148.0	
[5, 4] 		8	348.0	1059.0	1126.0	None	
[6, 4] 		8	386.0	1236.0	1492.0	None	
[7, 4] 		8	378.0	1073.0	1358.0	None	
[8, 4] 		8	412.0	604.0	None	None	
[9, 4] 		8	400.0	569.0	None	None	
[10, 4] 		8	406.0	641.0	None	None	
['A', 4] 		8	438.0	806.0	None	None	
[2, 5] 		8	420.0	533.0	None	None	
[3, 5] 		8	452.0	841.0	None	None	
[4, 5] 		8	358.0	1052.0	1146.0	None	
[5, 5] 		8	422.0	1179.0	1384.0	-156.0	
[6, 5] 		8	322.0	1180.0	1404.0	None	
[7, 5] 		8	374.0	435.0	None	None	
[8, 5] 		8	418.0	522.0	None	None	
[9, 5] 		8	424.0	581.0	None	None	
[10, 5] 		8	472.0	566.0	None	None	
['A', 5] 		8	442.0	786.0	None	None	
[2, 6] 		8	414.0	837.0	None	None	
[3, 6] 		8	420.0	1137.0	1326.0	None	
[4, 6] 		8	352.0	1251.0	1406.0	None	
[5, 6] 		8	384.0	1194.0	1372.0	None	
[6, 6] 		8	442.0	548.0	None	-92.0	
[7, 6] 		8	398.0	305.0	None	None	
[8, 6] 		8	380.0	542.0	None	None	
[9, 6] 		8	452.0	534.0	None	None	
[10, 6] 		8	414.0	653.0	None	None	
['A', 6] 		8	613.0	912.0	None	None	
[2, 7] 		8	432.0	1106.0	1218.0	None	
[3, 7] 		8	408.0	1293.0	1566.0	None	
[4, 7] 		8	344.0	1110.0	1294.0	None	
[5, 7] 		8	390.0	489.0	None	None	
[6, 7] 		8	376.0	288.0	None	None	
[7, 7] 		8	366.0	493.0	None	-50.0	
[8, 7] 		8	408.0	707.0	None	None	
[9, 7] 		8	438.0	697.0	None	None	
[10, 7] 		8	607.0	611.0	None	None	
['A', 7] 		8	1245.0	1109.0	None	None	
[2, 8] 		8	446.0	1179.0	1374.0	None	
[3, 8] 		8	460.0	1217.0	1436.0	None	
[4, 8] 		8	408.0	576.0	None	None	
[5, 8] 		8	384.0	443.0	None	None	
[6, 8] 		8	394.0	543.0	None	None	
[7, 8] 		8	426.0	656.0	None	None	
[8, 8] 		8	444.0	606.0	None	529.0	
[9, 8] 		8	521.0	579.0	None	None	
[10, 8] 		8	1118.0	531.0	None	None	
['A', 8] 		8	1668.0	1093.0	None	None	
[2, 9] 		8	476.0	1090.0	1198.0	None	
[3, 9] 		8	486.0	459.0	None	None	
[4, 9] 		8	454.0	565.0	None	None	
[5, 9] 		8	456.0	588.0	None	None	
[6, 9] 		8	374.0	500.0	None	None	
[7, 9] 		8	438.0	625.0	None	None	
[8, 9] 		8	504.0	540.0	None	None	
[9, 9] 		8	996.0	458.0	None	929.0	
[10, 9] 		8	1455.0	383.0	None	None	
['A', 9] 		8	1760.0	1106.0	None	None	
[2, 10] 		8	452.0	695.0	None	None	
[3, 10] 		8	452.0	585.0	None	None	
[4, 10] 		8	388.0	672.0	None	None	
[5, 10] 		8	448.0	561.0	None	None	
[6, 10] 		8	418.0	675.0	None	None	
[7, 10] 		8	521.0	603.0	None	None	
[8, 10] 		8	1124.0	456.0	None	None	
[9, 10] 		8	1513.0	372.0	None	None	
[10, 10] 		8	1773.0	193.0	None	1239.0	
['A', 10] 		8	2500.0	1142.0	None	None	
[2, 'A'] 		8	476.0	833.0	None	None	
[3, 'A'] 		8	532.0	948.0	None	None	
[4, 'A'] 		8	460.0	780.0	None	None	
[5, 'A'] 		8	456.0	754.0	None	None	
[6, 'A'] 		8	597.0	959.0	None	None	
[7, 'A'] 		8	1203.0	1064.0	None	None	
[8, 'A'] 		8	1682.0	1131.0	None	None	
[9, 'A'] 		8	1757.0	1020.0	None	None	
[10, 'A'] 		8	2500.0	1177.0	None	None	
['A', 'A'] 		8	456.0	768.0	None	1839.0	
[2, 2] 		9	476.0	476.0	None	-48.0	
[3, 2] 		9	472.0	472.0	None	None	
[4, 2] 		9	540.0	549.0	None	None	
[5, 2] 		9	470.0	545.0	None	None	
[6, 2] 		9	478.0	689.0	None	None	
[7, 2] 		9	458.0	870.0	784.0	None	
[8, 2] 		9	572.0	1168.0	1378.0	None	
[9, 2] 		9	504.0	1172.0	1244.0	None	
[10, 2] 		9	502.0	603.0	None	None	
['A', 2] 		9	544.0	937.0	None	None	
[2, 3] 		9	500.0	500.0	None	None	
[3, 3] 		9	442.0	453.0	None	-116.0	
[4, 3] 		9	428.0	503.0	None	None	
[5, 3] 		9	444.0	617.0	None	None	
[6, 3] 		9	420.0	847.0	646.0	None	
[7, 3] 		9	420.0	1136.0	1264.0	None	
[8, 3] 		9	482.0	1109.0	1264.0	None	
[9, 3] 		9	406.0	479.0	None	None	
[10, 3] 		9	454.0	675.0	None	None	
['A', 3] 		9	470.0	827.0	None	None	
[2, 4] 		9	480.0	499.0	None	None	
[3, 4] 		9	416.0	495.0	None	None	
[4, 4] 		9	488.0	676.0	None	-24.0	
[5, 4] 		9	374.0	841.0	704.0	None	
[6, 4] 		9	426.0	1158.0	1376.0	None	
[7, 4] 		9	396.0	1106.0	1288.0	None	
[8, 4] 		9	442.0	399.0	None	None	
[9, 4] 		9	442.0	682.0	None	None	
[10, 4] 		9	504.0	640.0	None	None	
['A', 4] 		9	570.0	875.0	None	None	
[2, 5] 		9	490.0	571.0	None	None	
[3, 5] 		9	410.0	605.0	None	None	
[4, 5] 		9	420.0	884.0	812.0	None	
[5, 5] 		9	410.0	1063.0	1082.0	-180.0	
[6, 5] 		9	396.0	1138.0	1236.0	None	
[7, 5] 		9	376.0	443.0	None	None	
[8, 5] 		9	468.0	429.0	None	None	
[9, 5] 		9	516.0	555.0	None	None	
[10, 5] 		9	510.0	452.0	None	None	
['A', 5] 		9	566.0	803.0	None	None	
[2, 6] 		9	444.0	646.0	None	None	
[3, 6] 		9	394.0	813.0	642.0	None	
[4, 6] 		9	460.0	1149.0	1402.0	None	
[5, 6] 		9	438.0	1173.0	1286.0	None	
[6, 6] 		9	454.0	443.0	None	-79.0	
[7, 6] 		9	444.0	495.0	None	None	
[8, 6] 		9	512.0	552.0	None	None	
[9, 6] 		9	440.0	396.0	None	None	
[10, 6] 		9	454.0	645.0	None	None	
['A', 6] 		9	629.0	867.0	None	None	
[2, 7] 		9	468.0	936.0	882.0	None	
[3, 7] 		9	406.0	1069.0	1296.0	None	
[4, 7] 		9	380.0	1131.0	1238.0	None	
[5, 7] 		9	364.0	451.0	None	None	
[6, 7] 		9	422.0	426.0	None	None	
[7, 7] 		9	438.0	491.0	None	52.0	
[8, 7] 		9	472.0	655.0	None	None	
[9, 7] 		9	438.0	568.0	None	None	
[10, 7] 		9	604.0	562.0	None	None	
['A', 7] 		9	812.0	865.0	None	None	
[2, 8] 		9	504.0	1165.0	1398.0	None	
[3, 8] 		9	506.0	1114.0	1266.0	None	
[4, 8] 		9	478.0	391.0	None	None	
[5, 8] 		9	536.0	508.0	None	None	
[6, 8] 		9	460.0	507.0	None	None	
[7, 8] 		9	496.0	649.0	None	None	
[8, 8] 		9	510.0	526.0	None	285.0	
[9, 8] 		9	565.0	525.0	None	None	
[10, 8] 		9	738.0	490.0	None	None	
['A', 8] 		9	1289.0	997.0	None	None	
[2, 9] 		9	458.0	1114.0	1234.0	None	
[3, 9] 		9	470.0	517.0	None	None	
[4, 9] 		9	488.0	674.0	None	None	
[5, 9] 		9	466.0	549.0	None	None	
[6, 9] 		9	442.0	409.0	None	None	
[7, 9] 		9	424.0	573.0	None	None	
[8, 9] 		9	571.0	530.0	None	None	
[9, 9] 		9	818.0	425.0	None	700.0	
[10, 9] 		9	1205.0	360.0	None	None	
['A', 9] 		9	1802.0	977.0	None	None	
[2, 10] 		9	482.0	590.0	None	None	
[3, 10] 		9	476.0	699.0	None	None	
[4, 10] 		9	434.0	630.0	None	None	
[5, 10] 		9	486.0	484.0	None	None	
[6, 10] 		9	476.0	548.0	None	None	
[7, 10] 		9	593.0	555.0	None	None	
[8, 10] 		9	759.0	496.0	None	None	
[9, 10] 		9	1248.0	339.0	None	None	
[10, 10] 		9	1739.0	193.0	None	1100.5	
['A', 10] 		9	2500.0	1107.0	None	None	
[2, 'A'] 		9	538.0	945.0	None	None	
[3, 'A'] 		9	480.0	866.0	None	None	
[4, 'A'] 		9	534.0	815.0	None	None	
[5, 'A'] 		9	532.0	804.0	None	None	
[6, 'A'] 		9	649.0	897.0	None	None	
[7, 'A'] 		9	849.0	861.0	None	None	
[8, 'A'] 		9	1249.0	992.0	None	None	
[9, 'A'] 		9	1805.0	953.0	None	None	
[10, 'A'] 		9	2500.0	1078.0	None	None	
['A', 'A'] 		9	554.0	787.0	None	1800.0	
[2, 2] 		10	386.0	386.0	None	-228.0	
[3, 2] 		10	418.0	418.0	None	None	
[4, 2] 		10	360.0	376.0	None	None	
[5, 2] 		10	372.0	461.0	None	None	
[6, 2] 		10	338.0	547.0	None	None	
[7, 2] 		10	442.0	712.0	434.0	None	
[8, 2] 		10	410.0	933.0	806.0	None	
[9, 2] 		10	410.0	939.0	846.0	None	
[10, 2] 		10	420.0	552.0	None	None	
['A', 2] 		10	436.0	795.0	None	None	
[2, 3] 		10	332.0	332.0	None	None	
[3, 3] 		10	446.0	455.0	None	-108.0	
[4, 3] 		10	384.0	471.0	None	None	
[5, 3] 		10	340.0	521.0	None	None	
[6, 3] 		10	384.0	720.0	376.0	None	
[7, 3] 		10	462.0	926.0	918.0	None	
[8, 3] 		10	420.0	1009.0	962.0	None	
[9, 3] 		10	448.0	541.0	None	None	
[10, 3] 		10	432.0	566.0	None	None	
['A', 3] 		10	444.0	799.0	None	None	
[2, 4] 		10	352.0	361.0	None	None	
[3, 4] 		10	362.0	445.0	None	None	
[4, 4] 		10	404.0	575.0	None	-192.0	
[5, 4] 		10	406.0	803.0	502.0	None	
[6, 4] 		10	348.0	923.0	868.0	None	
[7, 4] 		10	416.0	1019.0	898.0	None	
[8, 4] 		10	420.0	530.0	None	None	
[9, 4] 		10	446.0	638.0	None	None	
[10, 4] 		10	388.0	479.0	None	None	
['A', 4] 		10	430.0	742.0	None	None	
[2, 5] 		10	356.0	421.0	None	None	
[3, 5] 		10	368.0	556.0	None	None	
[4, 5] 		10	366.0	708.0	388.0	None	
[5, 5] 		10	410.0	952.0	912.0	-180.0	
[6, 5] 		10	376.0	1038.0	1078.0	None	
[7, 5] 		10	438.0	537.0	None	None	
[8, 5] 		10	462.0	413.0	None	None	
[9, 5] 		10	416.0	516.0	None	None	
[10, 5] 		10	386.0	409.0	None	None	
['A', 5] 		10	474.0	723.0	None	None	
[2, 6] 		10	372.0	570.0	None	None	
[3, 6] 		10	350.0	723.0	390.0	None	
[4, 6] 		10	324.0	923.0	860.0	None	
[5, 6] 		10	370.0	965.0	980.0	None	
[6, 6] 		10	382.0	524.0	None	-217.0	
[7, 6] 		10	430.0	439.0	None	None	
[8, 6] 		10	404.0	472.0	None	None	
[9, 6] 		10	410.0	415.0	None	None	
[10, 6] 		10	400.0	512.0	None	None	
['A', 6] 		10	546.0	730.0	None	None	
[2, 7] 		10	432.0	699.0	446.0	None	
[3, 7] 		10	450.0	973.0	930.0	None	
[4, 7] 		10	454.0	991.0	938.0	None	
[5, 7] 		10	448.0	562.0	None	None	
[6, 7] 		10	430.0	396.0	None	None	
[7, 7] 		10	448.0	400.0	None	-18.0	
[8, 7] 		10	534.0	612.0	None	None	
[9, 7] 		10	484.0	507.0	None	None	
[10, 7] 		10	528.0	488.0	None	None	
['A', 7] 		10	785.0	882.0	None	None	
[2, 8] 		10	428.0	890.0	864.0	None	
[3, 8] 		10	450.0	974.0	1010.0	None	
[4, 8] 		10	380.0	542.0	None	None	
[5, 8] 		10	450.0	419.0	None	None	
[6, 8] 		10	414.0	472.0	None	None	
[7, 8] 		10	508.0	598.0	None	None	
[8, 8] 		10	432.0	513.0	None	162.0	
[9, 8] 		10	640.0	491.0	None	None	
[10, 8] 		10	809.0	353.0	None	None	
['A', 8] 		10	1088.0	890.0	None	None	
[2, 9] 		10	418.0	929.0	816.0	None	
[3, 9] 		10	436.0	467.0	None	None	
[4, 9] 		10	404.0	628.0	None	None	
[5, 9] 		10	396.0	514.0	None	None	
[6, 9] 		10	398.0	435.0	None	None	
[7, 9] 		10	510.0	526.0	None	None	
[8, 9] 		10	606.0	447.0	None	None	
[9, 9] 		10	847.0	379.0	None	388.0	
[10, 9] 		10	1029.0	290.0	None	None	
['A', 9] 		10	1527.0	849.0	None	None	
[2, 10] 		10	398.0	614.0	None	None	
[3, 10] 		10	406.0	573.0	None	None	
[4, 10] 		10	376.0	464.0	None	None	
[5, 10] 		10	416.0	427.0	None	None	
[6, 10] 		10	408.0	548.0	None	None	
[7, 10] 		10	544.0	441.0	None	None	
[8, 10] 		10	706.0	398.0	None	None	
[9, 10] 		10	1047.0	265.0	None	None	
[10, 10] 		10	1465.0	154.0	None	818.5	
['A', 10] 		10	2500.0	1094.0	None	None	
[2, 'A'] 		10	486.0	847.0	None	None	
[3, 'A'] 		10	442.0	813.0	None	None	
[4, 'A'] 		10	498.0	790.0	None	None	
[5, 'A'] 		10	378.0	614.0	None	None	
[6, 'A'] 		10	606.0	818.0	None	None	
[7, 'A'] 		10	780.0	888.0	None	None	
[8, 'A'] 		10	1131.0	916.0	None	None	
[9, 'A'] 		10	1563.0	885.0	None	None	
[10, 'A'] 		10	2500.0	1078.0	None	None	
['A', 'A'] 		10	502.0	820.0	None	1582.5	
[2, 2] 		A	226.0	226.0	None	-548.0	
[3, 2] 		A	198.0	198.0	None	None	
[4, 2] 		A	168.0	169.0	None	None	
[5, 2] 		A	186.0	237.0	None	None	
[6, 2] 		A	286.0	370.0	None	None	
[7, 2] 		A	236.0	474.0	-114.0	None	
[8, 2] 		A	186.0	593.0	158.0	None	
[9, 2] 		A	180.0	703.0	340.0	None	
[10, 2] 		A	184.0	492.0	None	None	
['A', 2] 		A	222.0	483.0	None	None	
[2, 3] 		A	208.0	208.0	None	None	
[3, 3] 		A	214.0	217.0	None	-572.0	
[4, 3] 		A	192.0	238.0	None	None	
[5, 3] 		A	134.0	336.0	None	None	
[6, 3] 		A	250.0	457.0	-100.0	None	
[7, 3] 		A	224.0	598.0	280.0	None	
[8, 3] 		A	202.0	683.0	492.0	None	
[9, 3] 		A	204.0	314.0	None	None	
[10, 3] 		A	204.0	515.0	None	None	
['A', 3] 		A	214.0	449.0	None	None	
[2, 4] 		A	150.0	152.0	None	None	
[3, 4] 		A	184.0	229.0	None	None	
[4, 4] 		A	204.0	330.0	None	-592.0	
[5, 4] 		A	194.0	473.0	-68.0	None	
[6, 4] 		A	274.0	663.0	276.0	None	
[7, 4] 		A	248.0	739.0	462.0	None	
[8, 4] 		A	248.0	328.0	None	None	
[9, 4] 		A	206.0	437.0	None	None	
[10, 4] 		A	216.0	372.0	None	None	
['A', 4] 		A	202.0	446.0	None	None	
[2, 5] 		A	184.0	234.0	None	None	
[3, 5] 		A	170.0	343.0	None	None	
[4, 5] 		A	202.0	476.0	-62.0	None	
[5, 5] 		A	218.0	652.0	378.0	-564.0	
[6, 5] 		A	260.0	767.0	506.0	None	
[7, 5] 		A	222.0	333.0	None	None	
[8, 5] 		A	222.0	257.0	None	None	
[9, 5] 		A	206.0	349.0	None	None	
[10, 5] 		A	166.0	340.0	None	None	
['A', 5] 		A	200.0	340.0	None	None	
[2, 6] 		A	284.0	367.0	None	None	
[3, 6] 		A	208.0	435.0	-132.0	None	
[4, 6] 		A	244.0	614.0	298.0	None	
[5, 6] 		A	264.0	753.0	508.0	None	
[6, 6] 		A	266.0	387.0	None	-465.0	
[7, 6] 		A	272.0	232.0	None	None	
[8, 6] 		A	296.0	280.0	None	None	
[9, 6] 		A	290.0	276.0	None	None	
[10, 6] 		A	272.0	419.0	None	None	
['A', 6] 		A	331.0	516.0	None	None	
[2, 7] 		A	248.0	463.0	-114.0	None	
[3, 7] 		A	218.0	630.0	238.0	None	
[4, 7] 		A	308.0	772.0	560.0	None	
[5, 7] 		A	246.0	352.0	None	None	
[6, 7] 		A	326.0	282.0	None	None	
[7, 7] 		A	270.0	303.0	None	-363.0	
[8, 7] 		A	278.0	377.0	None	None	
[9, 7] 		A	224.0	343.0	None	None	
[10, 7] 		A	350.0	343.0	None	None	
['A', 7] 		A	558.0	525.0	None	None	
[2, 8] 		A	222.0	610.0	216.0	None	
[3, 8] 		A	204.0	692.0	302.0	None	
[4, 8] 		A	224.0	329.0	None	None	
[5, 8] 		A	228.0	289.0	None	None	
[6, 8] 		A	278.0	320.0	None	None	
[7, 8] 		A	242.0	422.0	None	None	
[8, 8] 		A	220.0	375.0	None	-209.0	
[9, 8] 		A	391.0	346.0	None	None	
[10, 8] 		A	651.0	271.0	None	None	
['A', 8] 		A	801.0	536.0	None	None	
[2, 9] 		A	234.0	731.0	516.0	None	
[3, 9] 		A	192.0	313.0	None	None	
[4, 9] 		A	226.0	408.0	None	None	
[5, 9] 		A	238.0	371.0	None	None	
[6, 9] 		A	280.0	262.0	None	None	
[7, 9] 		A	230.0	389.0	None	None	
[8, 9] 		A	346.0	268.0	None	None	
[9, 9] 		A	629.0	158.0	None	-49.0	
[10, 9] 		A	1006.0	161.0	None	None	
['A', 9] 		A	1065.0	551.0	None	None	
[2, 10] 		A	224.0	479.0	None	None	
[3, 10] 		A	162.0	392.0	None	None	
[4, 10] 		A	210.0	425.0	None	None	
[5, 10] 		A	178.0	335.0	None	None	
[6, 10] 		A	260.0	388.0	None	None	
[7, 10] 		A	352.0	349.0	None	None	
[8, 10] 		A	683.0	256.0	None	None	
[9, 10] 		A	970.0	145.0	None	None	
[10, 10] 		A	1183.0	25.0	None	251.5	
['A', 10] 		A	2104.0	737.0	None	None	
[2, 'A'] 		A	208.0	457.0	None	None	
[3, 'A'] 		A	204.0	449.0	None	None	
[4, 'A'] 		A	238.0	418.0	None	None	
[5, 'A'] 		A	224.0	387.0	None	None	
[6, 'A'] 		A	285.0	444.0	None	None	
[7, 'A'] 		A	543.0	537.0	None	None	
[8, 'A'] 		A	877.0	646.0	None	None	
[9, 'A'] 		A	1081.0	595.0	None	None	
[10, 'A'] 		A	2092.0	741.0	None	None	
['A', 'A'] 		A	182.0	445.0	None	905.0	
