Player		 Dealer	 Stand	 Hit	 Double	 Split	
2 2 		2	-0.2757	-0.1107	 None 	-0.1965	
2 2 		3	-0.2667	-0.1227	 None 	-0.1725	
2 2 		4	-0.2157	-0.0732	 None 	-0.1203	
2 2 		5	-0.1671	-0.0255	 None 	0.0021	
2 2 		6	-0.1677	-0.0270	 None 	0.0255	
2 2 		7	-0.4869	-0.0774	 None 	-0.0534	
2 2 		8	-0.5062	-0.1656	 None 	-0.2211	
2 2 		9	-0.5296	-0.2385	 None 	-0.3465	
2 2 		10	-0.5494	-0.3513	 None 	-0.5962	
2 2 		A	-0.7618	-0.4848	 None 	-0.8791	
2 3 		2	-0.3015	-0.1704	 None 	 None 	
2 3 		3	-0.2745	-0.1254	 None 	 None 	
2 3 		4	-0.2013	-0.0768	 None 	 None 	
2 3 		5	-0.1605	-0.0243	 None 	 None 	
2 3 		6	-0.1857	-0.0489	 None 	 None 	
2 3 		7	-0.4725	-0.1323	 None 	 None 	
2 3 		8	-0.5134	-0.2067	 None 	 None 	
2 3 		9	-0.5536	-0.2721	 None 	 None 	
2 3 		10	-0.5662	-0.3516	 None 	 None 	
2 3 		A	-0.7816	-0.5233	 None 	 None 	
2 4 		2	-0.2691	-0.1098	 None 	 None 	
2 4 		3	-0.2397	-0.1026	 None 	 None 	
2 4 		4	-0.2199	-0.0909	 None 	 None 	
2 4 		5	-0.1671	-0.0471	 None 	 None 	
2 4 		6	-0.1941	-0.0615	 None 	 None 	
2 4 		7	-0.4611	-0.1548	 None 	 None 	
2 4 		8	-0.5080	-0.2301	 None 	 None 	
2 4 		9	-0.5572	-0.3279	 None 	 None 	
2 4 		10	-0.5482	-0.4068	 None 	 None 	
2 4 		A	-0.7708	-0.5128	 None 	 None 	
2 5 		2	-0.2829	-0.1140	 None 	 None 	
2 5 		3	-0.2529	-0.0783	 None 	 None 	
2 5 		4	-0.2133	-0.0489	 None 	 None 	
2 5 		5	-0.1809	-0.0129	 None 	 None 	
2 5 		6	-0.1239	0.0684	 None 	 None 	
2 5 		7	-0.4821	-0.0858	 None 	 None 	
2 5 		8	-0.4737	-0.1836	 None 	 None 	
2 5 		9	-0.5380	-0.2760	 None 	 None 	
2 5 		10	-0.6184	-0.4095	 None 	 None 	
2 5 		A	-0.7834	-0.5404	 None 	 None 	
2 6 		2	-0.2853	0.0057	 None 	 None 	
2 6 		3	-0.2481	-0.0084	 None 	 None 	
2 6 		4	-0.2157	0.0324	 None 	 None 	
2 6 		5	-0.1647	0.0783	 None 	 None 	
2 6 		6	-0.1443	0.1131	 None 	 None 	
2 6 		7	-0.4761	0.0828	 None 	 None 	
2 6 		8	-0.4935	-0.0489	 None 	 None 	
2 6 		9	-0.5278	-0.2091	 None 	 None 	
2 6 		10	-0.5866	-0.3009	 None 	 None 	
2 6 		A	-0.7594	-0.4419	 None 	 None 	
2 7 		2	-0.3135	0.0645	0.0228	 None 	
2 7 		3	-0.2373	0.1137	0.1344	 None 	
2 7 		4	-0.2247	0.1125	0.1548	 None 	
2 7 		5	-0.1545	0.1638	0.2484	 None 	
2 7 		6	-0.1737	0.1488	0.2634	 None 	
2 7 		7	-0.4707	0.1734	0.1314	 None 	
2 7 		8	-0.5188	0.0867	-0.0684	 None 	
2 7 		9	-0.5566	-0.0573	-0.3324	 None 	
2 7 		10	-0.5746	-0.2154	-0.6073	 None 	
2 7 		A	-0.7888	-0.3483	-0.9403	 None 	
2 8 		2	-0.2751	0.1713	0.3342	 None 	
2 8 		3	-0.2397	0.2022	0.4434	 None 	
2 8 		4	-0.2145	0.2253	0.4710	 None 	
2 8 		5	-0.1911	0.2229	0.4374	 None 	
2 8 		6	-0.1305	0.2991	0.6151	 None 	
2 8 		7	-0.4773	0.2337	0.3954	 None 	
2 8 		8	-0.4983	0.2082	0.3186	 None 	
2 8 		9	-0.5308	0.0765	0.1848	 None 	
2 8 		10	-0.5848	-0.0447	-0.1362	 None 	
2 8 		A	-0.7708	-0.2118	-0.6391	 None 	
2 9 		2	-0.2949	0.2250	0.4824	 None 	
2 9 		3	-0.2769	0.2643	0.4992	 None 	
2 9 		4	-0.2097	0.2682	0.5545	 None 	
2 9 		5	-0.1713	0.3108	0.6163	 None 	
2 9 		6	-0.1611	0.3291	0.6565	 None 	
2 9 		7	-0.4641	0.3030	0.4470	 None 	
2 9 		8	-0.5074	0.2112	0.3288	 None 	
2 9 		9	-0.5338	0.1506	0.2706	 None 	
2 9 		10	-0.5848	0.0129	-0.0096	 None 	
2 9 		A	-0.7672	-0.2127	-0.5167	 None 	
2 10 		2	-0.2859	-0.2670	 None 	 None 	
2 10 		3	-0.2451	-0.2400	 None 	 None 	
2 10 		4	-0.2145	-0.2172	 None 	 None 	
2 10 		5	-0.1719	-0.2025	 None 	 None 	
2 10 		6	-0.1575	-0.1731	 None 	 None 	
2 10 		7	-0.4797	-0.2247	 None 	 None 	
2 10 		8	-0.5146	-0.2808	 None 	 None 	
2 10 		9	-0.5560	-0.3438	 None 	 None 	
2 10 		10	-0.5782	-0.4398	 None 	 None 	
2 10 		A	-0.7666	-0.5680	 None 	 None 	
2 A 		2	-0.3357	-0.0777	 None 	 None 	
2 A 		3	-0.2391	-0.0054	 None 	 None 	
2 A 		4	-0.2247	0.0360	 None 	 None 	
2 A 		5	-0.1605	0.0840	 None 	 None 	
2 A 		6	-0.1695	0.0723	 None 	 None 	
2 A 		7	-0.4575	0.0969	 None 	 None 	
2 A 		8	-0.5158	0.0156	 None 	 None 	
2 A 		9	-0.5350	-0.0768	 None 	 None 	
2 A 		10	-0.5902	-0.1944	 None 	 None 	
2 A 		A	-0.7702	-0.3642	 None 	 None 	
3 2 		2	-0.2799	-0.1419	 None 	 None 	
3 2 		3	-0.2433	-0.0960	 None 	 None 	
3 2 		4	-0.2085	-0.0684	 None 	 None 	
3 2 		5	-0.1839	-0.0582	 None 	 None 	
3 2 		6	-0.1587	-0.0300	 None 	 None 	
3 2 		7	-0.5032	-0.1233	 None 	 None 	
3 2 		8	-0.5242	-0.1875	 None 	 None 	
3 2 		9	-0.5152	-0.2781	 None 	 None 	
3 2 		10	-0.5554	-0.3597	 None 	 None 	
3 2 		A	-0.7684	-0.4920	 None 	 None 	
3 3 		2	-0.2889	-0.1521	 None 	-0.2532	
3 3 		3	-0.2439	-0.1335	 None 	-0.1683	
3 3 		4	-0.2403	-0.0975	 None 	-0.1962	
3 3 		5	-0.1803	-0.0657	 None 	-0.0549	
3 3 		6	-0.1425	-0.0114	 None 	0.0111	
3 3 		7	-0.5146	-0.1821	 None 	-0.1377	
3 3 		8	-0.4899	-0.2172	 None 	-0.2493	
3 3 		9	-0.5290	-0.3219	 None 	-0.4437	
3 3 		10	-0.5692	-0.3738	 None 	-0.6529	
3 3 		A	-0.7732	-0.5410	 None 	-0.9445	
3 4 		2	-0.2901	-0.1194	 None 	 None 	
3 4 		3	-0.2763	-0.1056	 None 	 None 	
3 4 		4	-0.1953	-0.0306	 None 	 None 	
3 4 		5	-0.1617	0.0003	 None 	 None 	
3 4 		6	-0.1605	0.0114	 None 	 None 	
3 4 		7	-0.4563	-0.0672	 None 	 None 	
3 4 		8	-0.5110	-0.2163	 None 	 None 	
3 4 		9	-0.5356	-0.2883	 None 	 None 	
3 4 		10	-0.5710	-0.3585	 None 	 None 	
3 4 		A	-0.7744	-0.4956	 None 	 None 	
3 5 		2	-0.3081	-0.0423	 None 	 None 	
3 5 		3	-0.2433	0.0159	 None 	 None 	
3 5 		4	-0.2175	0.0237	 None 	 None 	
3 5 		5	-0.1773	0.0615	 None 	 None 	
3 5 		6	-0.1653	0.1050	 None 	 None 	
3 5 		7	-0.4803	0.0732	 None 	 None 	
3 5 		8	-0.5146	-0.0549	 None 	 None 	
3 5 		9	-0.5302	-0.2112	 None 	 None 	
3 5 		10	-0.5650	-0.3249	 None 	 None 	
3 5 		A	-0.7744	-0.4482	 None 	 None 	
3 6 		2	-0.2883	0.0594	0.0414	 None 	
3 6 		3	-0.2871	0.0930	0.0876	 None 	
3 6 		4	-0.2409	0.1173	0.1338	 None 	
3 6 		5	-0.1569	0.1659	0.2874	 None 	
3 6 		6	-0.1863	0.1845	0.3030	 None 	
3 6 		7	-0.4887	0.1572	0.1182	 None 	
3 6 		8	-0.5194	0.1116	-0.0270	 None 	
3 6 		9	-0.5524	-0.0648	-0.3834	 None 	
3 6 		10	-0.5770	-0.2337	-0.5959	 None 	
3 6 		A	-0.7774	-0.3321	-0.9253	 None 	
3 7 		2	-0.2835	0.2106	0.3774	 None 	
3 7 		3	-0.2229	0.2088	0.4482	 None 	
3 7 		4	-0.2109	0.2196	0.4638	 None 	
3 7 		5	-0.1545	0.2613	0.5107	 None 	
3 7 		6	-0.1647	0.2898	0.6067	 None 	
3 7 		7	-0.4683	0.2715	0.4278	 None 	
3 7 		8	-0.5188	0.1902	0.3270	 None 	
3 7 		9	-0.5404	0.1272	0.1302	 None 	
3 7 		10	-0.5722	-0.0402	-0.1938	 None 	
3 7 		A	-0.7636	-0.2352	-0.5941	 None 	
3 8 		2	-0.2913	0.2322	0.4632	 None 	
3 8 		3	-0.1995	0.2832	0.5629	 None 	
3 8 		4	-0.2067	0.2883	0.5659	 None 	
3 8 		5	-0.1563	0.3264	0.6517	 None 	
3 8 		6	-0.1485	0.3297	0.7165	 None 	
3 8 		7	-0.4659	0.3195	0.4812	 None 	
3 8 		8	-0.5194	0.2160	0.3708	 None 	
3 8 		9	-0.5344	0.1467	0.2778	 None 	
3 8 		10	-0.5638	0.0237	0.0288	 None 	
3 8 		A	-0.7594	-0.1932	-0.5269	 None 	
3 9 		2	-0.2889	-0.2634	 None 	 None 	
3 9 		3	-0.2433	-0.2298	 None 	 None 	
3 9 		4	-0.1977	-0.2235	 None 	 None 	
3 9 		5	-0.1617	-0.1617	 None 	 None 	
3 9 		6	-0.1527	-0.1410	 None 	 None 	
3 9 		7	-0.5038	-0.2346	 None 	 None 	
3 9 		8	-0.4959	-0.2814	 None 	 None 	
3 9 		9	-0.5248	-0.3276	 None 	 None 	
3 9 		10	-0.5770	-0.4314	 None 	 None 	
3 9 		A	-0.7684	-0.5581	 None 	 None 	
3 10 		2	-0.3069	-0.3273	 None 	 None 	
3 10 		3	-0.2601	-0.2871	 None 	 None 	
3 10 		4	-0.2289	-0.2856	 None 	 None 	
3 10 		5	-0.1713	-0.2748	 None 	 None 	
3 10 		6	-0.1581	-0.2325	 None 	 None 	
3 10 		7	-0.4527	-0.2598	 None 	 None 	
3 10 		8	-0.5194	-0.3024	 None 	 None 	
3 10 		9	-0.5278	-0.3921	 None 	 None 	
3 10 		10	-0.5686	-0.4686	 None 	 None 	
3 10 		A	-0.7792	-0.5887	 None 	 None 	
3 A 		2	-0.2793	-0.0216	 None 	 None 	
3 A 		3	-0.2577	0.0132	 None 	 None 	
3 A 		4	-0.2157	0.0243	 None 	 None 	
3 A 		5	-0.1779	0.0408	 None 	 None 	
3 A 		6	-0.1251	0.1254	 None 	 None 	
3 A 		7	-0.4761	0.0510	 None 	 None 	
3 A 		8	-0.5140	0.0051	 None 	 None 	
3 A 		9	-0.5464	-0.0963	 None 	 None 	
3 A 		10	-0.5806	-0.2202	 None 	 None 	
3 A 		A	-0.7636	-0.3570	 None 	 None 	
4 2 		2	-0.2901	-0.1668	 None 	 None 	
4 2 		3	-0.2541	-0.1233	 None 	 None 	
4 2 		4	-0.2169	-0.0915	 None 	 None 	
4 2 		5	-0.1569	-0.0429	 None 	 None 	
4 2 		6	-0.1407	-0.0057	 None 	 None 	
4 2 		7	-0.4677	-0.1476	 None 	 None 	
4 2 		8	-0.5050	-0.2436	 None 	 None 	
4 2 		9	-0.5716	-0.3066	 None 	 None 	
4 2 		10	-0.5992	-0.3969	 None 	 None 	
4 2 		A	-0.7684	-0.5419	 None 	 None 	
4 3 		2	-0.2829	-0.0993	 None 	 None 	
4 3 		3	-0.2577	-0.0819	 None 	 None 	
4 3 		4	-0.2151	-0.0513	 None 	 None 	
4 3 		5	-0.1497	0.0012	 None 	 None 	
4 3 		6	-0.1131	0.0708	 None 	 None 	
4 3 		7	-0.4743	-0.0810	 None 	 None 	
4 3 		8	-0.4791	-0.2511	 None 	 None 	
4 3 		9	-0.5332	-0.2868	 None 	 None 	
4 3 		10	-0.5662	-0.3912	 None 	 None 	
4 3 		A	-0.7540	-0.5170	 None 	 None 	
4 4 		2	-0.2697	-0.0123	 None 	-0.2217	
4 4 		3	-0.2439	0.0213	 None 	-0.1893	
4 4 		4	-0.2205	0.0324	 None 	-0.1626	
4 4 		5	-0.1287	0.0948	 None 	0.0087	
4 4 		6	-0.1659	0.0954	 None 	-0.0453	
4 4 		7	-0.5068	0.0678	 None 	-0.2319	
4 4 		8	-0.5308	-0.0471	 None 	-0.3840	
4 4 		9	-0.5728	-0.2157	 None 	-0.5320	
4 4 		10	-0.5458	-0.2775	 None 	-0.6403	
4 4 		A	-0.7606	-0.4296	 None 	-0.9619	
4 5 		2	-0.3279	0.0489	0.0162	 None 	
4 5 		3	-0.2307	0.1224	0.1644	 None 	
4 5 		4	-0.2073	0.1176	0.1806	 None 	
4 5 		5	-0.1629	0.1410	0.2604	 None 	
4 5 		6	-0.1467	0.1953	0.3354	 None 	
4 5 		7	-0.4689	0.1590	0.1536	 None 	
4 5 		8	-0.4911	0.1089	0.0288	 None 	
4 5 		9	-0.5464	-0.0723	-0.3582	 None 	
4 5 		10	-0.5884	-0.1977	-0.5869	 None 	
4 5 		A	-0.7666	-0.3405	-0.9169	 None 	
4 6 		2	-0.2937	0.1794	0.3990	 None 	
4 6 		3	-0.2313	0.2442	0.4518	 None 	
4 6 		4	-0.1785	0.2664	0.4992	 None 	
4 6 		5	-0.1773	0.2547	0.4662	 None 	
4 6 		6	-0.1581	0.2817	0.5587	 None 	
4 6 		7	-0.4629	0.2529	0.4494	 None 	
4 6 		8	-0.5290	0.2124	0.2832	 None 	
4 6 		9	-0.5062	0.1482	0.2160	 None 	
4 6 		10	-0.5374	-0.0378	-0.1242	 None 	
4 6 		A	-0.7816	-0.2481	-0.6175	 None 	
4 7 		2	-0.3129	0.2268	0.4734	 None 	
4 7 		3	-0.2493	0.2991	0.5359	 None 	
4 7 		4	-0.2097	0.2889	0.5533	 None 	
4 7 		5	-0.1587	0.2994	0.6127	 None 	
4 7 		6	-0.1461	0.3315	0.6859	 None 	
4 7 		7	-0.4773	0.3066	0.4842	 None 	
4 7 		8	-0.5308	0.2421	0.3492	 None 	
4 7 		9	-0.5170	0.1671	0.2172	 None 	
4 7 		10	-0.5770	0.0195	-0.0282	 None 	
4 7 		A	-0.7924	-0.2313	-0.5761	 None 	
4 8 		2	-0.3021	-0.2469	 None 	 None 	
4 8 		3	-0.2745	-0.2379	 None 	 None 	
4 8 		4	-0.2319	-0.2490	 None 	 None 	
4 8 		5	-0.1347	-0.1413	 None 	 None 	
4 8 		6	-0.1683	-0.1638	 None 	 None 	
4 8 		7	-0.4779	-0.2304	 None 	 None 	
4 8 		8	-0.5272	-0.2835	 None 	 None 	
4 8 		9	-0.5200	-0.3501	 None 	 None 	
4 8 		10	-0.5776	-0.4440	 None 	 None 	
4 8 		A	-0.7702	-0.5521	 None 	 None 	
4 9 		2	-0.2805	-0.2811	 None 	 None 	
4 9 		3	-0.2463	-0.2769	 None 	 None 	
4 9 		4	-0.2133	-0.2751	 None 	 None 	
4 9 		5	-0.1539	-0.2526	 None 	 None 	
4 9 		6	-0.1755	-0.2370	 None 	 None 	
4 9 		7	-0.4767	-0.2601	 None 	 None 	
4 9 		8	-0.4911	-0.3369	 None 	 None 	
4 9 		9	-0.5434	-0.3747	 None 	 None 	
4 9 		10	-0.5872	-0.4590	 None 	 None 	
4 9 		A	-0.7780	-0.5797	 None 	 None 	
4 10 		2	-0.3303	-0.3945	 None 	 None 	
4 10 		3	-0.2367	-0.3411	 None 	 None 	
4 10 		4	-0.2229	-0.3354	 None 	 None 	
4 10 		5	-0.1467	-0.3246	 None 	 None 	
4 10 		6	-0.1611	-0.2904	 None 	 None 	
4 10 		7	-0.4815	-0.3147	 None 	 None 	
4 10 		8	-0.5320	-0.3726	 None 	 None 	
4 10 		9	-0.5626	-0.4569	 None 	 None 	
4 10 		10	-0.5836	-0.5044	 None 	 None 	
4 10 		A	-0.7498	-0.5851	 None 	 None 	
4 A 		2	-0.3105	-0.0090	 None 	 None 	
4 A 		3	-0.2373	-0.0156	 None 	 None 	
4 A 		4	-0.1863	0.0336	 None 	 None 	
4 A 		5	-0.1569	0.0684	 None 	 None 	
4 A 		6	-0.1749	0.0657	 None 	 None 	
4 A 		7	-0.4563	0.0414	 None 	 None 	
4 A 		8	-0.5260	-0.0456	 None 	 None 	
4 A 		9	-0.5206	-0.1389	 None 	 None 	
4 A 		10	-0.5512	-0.2622	 None 	 None 	
4 A 		A	-0.7600	-0.3900	 None 	 None 	
5 2 		2	-0.2991	-0.1113	 None 	 None 	
5 2 		3	-0.2481	-0.0819	 None 	 None 	
5 2 		4	-0.2007	-0.0339	 None 	 None 	
5 2 		5	-0.1563	0.0135	 None 	 None 	
5 2 		6	-0.1533	0.0363	 None 	 None 	
5 2 		7	-0.4749	-0.0693	 None 	 None 	
5 2 		8	-0.5206	-0.2148	 None 	 None 	
5 2 		9	-0.5242	-0.2622	 None 	 None 	
5 2 		10	-0.5776	-0.3948	 None 	 None 	
5 2 		A	-0.7582	-0.5062	 None 	 None 	
5 3 		2	-0.3045	-0.0282	 None 	 None 	
5 3 		3	-0.2859	-0.0441	 None 	 None 	
5 3 		4	-0.2187	0.0339	 None 	 None 	
5 3 		5	-0.1581	0.0849	 None 	 None 	
5 3 		6	-0.1629	0.1329	 None 	 None 	
5 3 		7	-0.4659	0.0774	 None 	 None 	
5 3 		8	-0.5056	-0.0432	 None 	 None 	
5 3 		9	-0.5308	-0.2226	 None 	 None 	
5 3 		10	-0.5746	-0.3153	 None 	 None 	
5 3 		A	-0.7660	-0.4560	 None 	 None 	
5 4 		2	-0.3039	0.0519	0.0324	 None 	
5 4 		3	-0.2673	0.0885	0.0822	 None 	
5 4 		4	-0.2109	0.1458	0.1800	 None 	
5 4 		5	-0.1377	0.1833	0.3180	 None 	
5 4 		6	-0.1437	0.2109	0.3732	 None 	
5 4 		7	-0.4959	0.1656	0.1170	 None 	
5 4 		8	-0.5266	0.0819	-0.0684	 None 	
5 4 		9	-0.5536	-0.0294	-0.2988	 None 	
5 4 		10	-0.5704	-0.2079	-0.5605	 None 	
5 4 		A	-0.7852	-0.3945	-0.9601	 None 	
5 5 		2	-0.3189	0.1779	0.3288	-0.3348	
5 5 		3	-0.2505	0.2211	0.4224	-0.2385	
5 5 		4	-0.2001	0.2454	0.4806	-0.1326	
5 5 		5	-0.1725	0.2487	0.4680	-0.1068	
5 5 		6	-0.1449	0.2925	0.6055	-0.0267	
5 5 		7	-0.4803	0.2301	0.3894	-0.2592	
5 5 		8	-0.5092	0.2115	0.3036	-0.3804	
5 5 		9	-0.5518	0.1107	0.1476	-0.5608	
5 5 		10	-0.5812	-0.0705	-0.1854	-0.7018	
5 5 		A	-0.7702	-0.2682	-0.6187	-1.0279	
5 6 		2	-0.3387	0.1845	0.3996	 None 	
5 6 		3	-0.2607	0.2655	0.4944	 None 	
5 6 		4	-0.2019	0.2907	0.6265	 None 	
5 6 		5	-0.1683	0.3252	0.6007	 None 	
5 6 		6	-0.1749	0.3339	0.6367	 None 	
5 6 		7	-0.4527	0.3180	0.5653	 None 	
5 6 		8	-0.5128	0.2148	0.3264	 None 	
5 6 		9	-0.5440	0.1710	0.2142	 None 	
5 6 		10	-0.5800	0.0270	0.0342	 None 	
5 6 		A	-0.7822	-0.2097	-0.6049	 None 	
5 7 		2	-0.2763	-0.2472	 None 	 None 	
5 7 		3	-0.2553	-0.2550	 None 	 None 	
5 7 		4	-0.2307	-0.2058	 None 	 None 	
5 7 		5	-0.1773	-0.2004	 None 	 None 	
5 7 		6	-0.1629	-0.1959	 None 	 None 	
5 7 		7	-0.4623	-0.2523	 None 	 None 	
5 7 		8	-0.5080	-0.2970	 None 	 None 	
5 7 		9	-0.5350	-0.3387	 None 	 None 	
5 7 		10	-0.6064	-0.4236	 None 	 None 	
5 7 		A	-0.7660	-0.5548	 None 	 None 	
5 8 		2	-0.3123	-0.3093	 None 	 None 	
5 8 		3	-0.2685	-0.2928	 None 	 None 	
5 8 		4	-0.1869	-0.2490	 None 	 None 	
5 8 		5	-0.1683	-0.2769	 None 	 None 	
5 8 		6	-0.1275	-0.2340	 None 	 None 	
5 8 		7	-0.4641	-0.2616	 None 	 None 	
5 8 		8	-0.5080	-0.3516	 None 	 None 	
5 8 		9	-0.5674	-0.3813	 None 	 None 	
5 8 		10	-0.5506	-0.4599	 None 	 None 	
5 8 		A	-0.7786	-0.6097	 None 	 None 	
5 9 		2	-0.2865	-0.3603	 None 	 None 	
5 9 		3	-0.2643	-0.3594	 None 	 None 	
5 9 		4	-0.1899	-0.3108	 None 	 None 	
5 9 		5	-0.1773	-0.3411	 None 	 None 	
5 9 		6	-0.1803	-0.3045	 None 	 None 	
5 9 		7	-0.4725	-0.3279	 None 	 None 	
5 9 		8	-0.5098	-0.3531	 None 	 None 	
5 9 		9	-0.5452	-0.4095	 None 	 None 	
5 9 		10	-0.5506	-0.5041	 None 	 None 	
5 9 		A	-0.7618	-0.5848	 None 	 None 	
5 10 		2	-0.3225	-0.4140	 None 	 None 	
5 10 		3	-0.2601	-0.4326	 None 	 None 	
5 10 		4	-0.2043	-0.4152	 None 	 None 	
5 10 		5	-0.1467	-0.3681	 None 	 None 	
5 10 		6	-0.1485	-0.3741	 None 	 None 	
5 10 		7	-0.4743	-0.3543	 None 	 None 	
5 10 		8	-0.5146	-0.4377	 None 	 None 	
5 10 		9	-0.5236	-0.4548	 None 	 None 	
5 10 		10	-0.5926	-0.5473	 None 	 None 	
5 10 		A	-0.7396	-0.6319	 None 	 None 	
5 A 		2	-0.2781	-0.0294	 None 	 None 	
5 A 		3	-0.2637	-0.0108	 None 	 None 	
5 A 		4	-0.1839	0.0552	 None 	 None 	
5 A 		5	-0.1467	0.0654	 None 	 None 	
5 A 		6	-0.1935	0.0717	 None 	 None 	
5 A 		7	-0.4725	-0.0180	 None 	 None 	
5 A 		8	-0.5116	-0.0735	 None 	 None 	
5 A 		9	-0.5296	-0.1785	 None 	 None 	
5 A 		10	-0.5842	-0.2832	 None 	 None 	
5 A 		A	-0.7840	-0.4374	 None 	 None 	
6 2 		2	-0.2655	0.0024	 None 	 None 	
6 2 		3	-0.2457	0.0075	 None 	 None 	
6 2 		4	-0.1935	0.0591	 None 	 None 	
6 2 		5	-0.1641	0.0786	 None 	 None 	
6 2 		6	-0.1635	0.1113	 None 	 None 	
6 2 		7	-0.4899	0.0843	 None 	 None 	
6 2 		8	-0.4887	-0.0621	 None 	 None 	
6 2 		9	-0.5668	-0.2292	 None 	 None 	
6 2 		10	-0.6034	-0.2925	 None 	 None 	
6 2 		A	-0.7654	-0.4521	 None 	 None 	
6 3 		2	-0.2739	0.0906	0.1326	 None 	
6 3 		3	-0.2529	0.0996	0.1020	 None 	
6 3 		4	-0.2067	0.1281	0.1656	 None 	
6 3 		5	-0.1599	0.1596	0.2490	 None 	
6 3 		6	-0.1677	0.2013	0.3210	 None 	
6 3 		7	-0.4899	0.1830	0.1482	 None 	
6 3 		8	-0.5152	0.0990	-0.0450	 None 	
6 3 		9	-0.5608	-0.0630	-0.3372	 None 	
6 3 		10	-0.5542	-0.2247	-0.5461	 None 	
6 3 		A	-0.7624	-0.3546	-0.8995	 None 	
6 4 		2	-0.3003	0.1908	0.3264	 None 	
6 4 		3	-0.2673	0.1785	0.3840	 None 	
6 4 		4	-0.2127	0.2202	0.4434	 None 	
6 4 		5	-0.1713	0.2586	0.5869	 None 	
6 4 		6	-0.1341	0.3096	0.5971	 None 	
6 4 		7	-0.5206	0.2607	0.3426	 None 	
6 4 		8	-0.5206	0.1599	0.2520	 None 	
6 4 		9	-0.5572	0.1020	0.0462	 None 	
6 4 		10	-0.5782	-0.0531	-0.1716	 None 	
6 4 		A	-0.7750	-0.2361	-0.5695	 None 	
6 5 		2	-0.2931	0.2424	0.4794	 None 	
6 5 		3	-0.2721	0.2301	0.5041	 None 	
6 5 		4	-0.1575	0.3228	0.6181	 None 	
6 5 		5	-0.1653	0.3003	0.6025	 None 	
6 5 		6	-0.1383	0.3378	0.6739	 None 	
6 5 		7	-0.4875	0.2766	0.4728	 None 	
6 5 		8	-0.5050	0.2721	0.3798	 None 	
6 5 		9	-0.5542	0.1713	0.2364	 None 	
6 5 		10	-0.5572	0.0021	0.0426	 None 	
6 5 		A	-0.7894	-0.2049	-0.6103	 None 	
6 6 		2	-0.2673	-0.2550	 None 	-0.2841	
6 6 		3	-0.2589	-0.2445	 None 	-0.2319	
6 6 		4	-0.2253	-0.2415	 None 	-0.1932	
6 6 		5	-0.1725	-0.2088	 None 	-0.1047	
6 6 		6	-0.1611	-0.1428	 None 	-0.0720	
6 6 		7	-0.4605	-0.2304	 None 	-0.3792	
6 6 		8	-0.5128	-0.2874	 None 	-0.4809	
6 6 		9	-0.5320	-0.3396	 None 	-0.6022	
6 6 		10	-0.5842	-0.4470	 None 	-0.8230	
6 6 		A	-0.7780	-0.5521	 None 	-1.0879	
6 7 		2	-0.2853	-0.3186	 None 	 None 	
6 7 		3	-0.2511	-0.2874	 None 	 None 	
6 7 		4	-0.2181	-0.2694	 None 	 None 	
6 7 		5	-0.1437	-0.2547	 None 	 None 	
6 7 		6	-0.1557	-0.2427	 None 	 None 	
6 7 		7	-0.4725	-0.2418	 None 	 None 	
6 7 		8	-0.5032	-0.3219	 None 	 None 	
6 7 		9	-0.5638	-0.4002	 None 	 None 	
6 7 		10	-0.5806	-0.4698	 None 	 None 	
6 7 		A	-0.7522	-0.5749	 None 	 None 	
6 8 		2	-0.2931	-0.4011	 None 	 None 	
6 8 		3	-0.2643	-0.3642	 None 	 None 	
6 8 		4	-0.2061	-0.3375	 None 	 None 	
6 8 		5	-0.1653	-0.3135	 None 	 None 	
6 8 		6	-0.1251	-0.3006	 None 	 None 	
6 8 		7	-0.5002	-0.2976	 None 	 None 	
6 8 		8	-0.5056	-0.3519	 None 	 None 	
6 8 		9	-0.5416	-0.4236	 None 	 None 	
6 8 		10	-0.5638	-0.5020	 None 	 None 	
6 8 		A	-0.7624	-0.6130	 None 	 None 	
6 9 		2	-0.3249	-0.4035	 None 	 None 	
6 9 		3	-0.2115	-0.4188	 None 	 None 	
6 9 		4	-0.1971	-0.4059	 None 	 None 	
6 9 		5	-0.1935	-0.3876	 None 	 None 	
6 9 		6	-0.1389	-0.3669	 None 	 None 	
6 9 		7	-0.4551	-0.3558	 None 	 None 	
6 9 		8	-0.5236	-0.4173	 None 	 None 	
6 9 		9	-0.5470	-0.4374	 None 	 None 	
6 9 		10	-0.6142	-0.5296	 None 	 None 	
6 9 		A	-0.7480	-0.6313	 None 	 None 	
6 10 		2	-0.3111	-0.4974	 None 	 None 	
6 10 		3	-0.2217	-0.4743	 None 	 None 	
6 10 		4	-0.2133	-0.4209	 None 	 None 	
6 10 		5	-0.1617	-0.4587	 None 	 None 	
6 10 		6	-0.1605	-0.4077	 None 	 None 	
6 10 		7	-0.4773	-0.4164	 None 	 None 	
6 10 		8	-0.5068	-0.4533	 None 	 None 	
6 10 		9	-0.5566	-0.5263	 None 	 None 	
6 10 		10	-0.5824	-0.6055	 None 	 None 	
6 10 		A	-0.7660	-0.6502	 None 	 None 	
6 A 		2	-0.1554	-0.0009	 None 	 None 	
6 A 		3	-0.0966	0.0540	 None 	 None 	
6 A 		4	-0.0816	0.0639	 None 	 None 	
6 A 		5	-0.0537	0.0720	 None 	 None 	
6 A 		6	-0.0117	0.1008	 None 	 None 	
6 A 		7	-0.0993	0.0729	 None 	 None 	
6 A 		8	-0.3903	-0.0813	 None 	 None 	
6 A 		9	-0.4107	-0.1482	 None 	 None 	
6 A 		10	-0.4371	-0.2286	 None 	 None 	
6 A 		A	-0.6253	-0.4332	 None 	 None 	
7 2 		2	-0.2901	0.0573	0.0390	 None 	
7 2 		3	-0.2523	0.1146	0.1098	 None 	
7 2 		4	-0.2121	0.1401	0.1998	 None 	
7 2 		5	-0.1701	0.1671	0.2760	 None 	
7 2 		6	-0.1221	0.2301	0.3990	 None 	
7 2 		7	-0.4659	0.1590	0.1290	 None 	
7 2 		8	-0.5044	0.1014	0.0192	 None 	
7 2 		9	-0.5242	-0.0549	-0.2742	 None 	
7 2 		10	-0.5854	-0.2277	-0.6157	 None 	
7 2 		A	-0.7648	-0.3606	-0.9067	 None 	
7 3 		2	-0.2757	0.2034	0.3690	 None 	
7 3 		3	-0.2727	0.2073	0.4026	 None 	
7 3 		4	-0.2319	0.2130	0.4392	 None 	
7 3 		5	-0.1779	0.2526	0.4884	 None 	
7 3 		6	-0.1335	0.2958	0.5881	 None 	
7 3 		7	-0.4623	0.2778	0.3990	 None 	
7 3 		8	-0.5380	0.1932	0.2556	 None 	
7 3 		9	-0.5488	0.1242	0.1446	 None 	
7 3 		10	-0.5692	-0.0909	-0.1710	 None 	
7 3 		A	-0.7672	-0.2433	-0.5821	 None 	
7 4 		2	-0.2973	0.2463	0.4908	 None 	
7 4 		3	-0.2325	0.2805	0.5833	 None 	
7 4 		4	-0.2193	0.2760	0.5593	 None 	
7 4 		5	-0.1665	0.3069	0.6157	 None 	
7 4 		6	-0.1401	0.3258	0.6751	 None 	
7 4 		7	-0.4599	0.3129	0.4728	 None 	
7 4 		8	-0.5398	0.2091	0.3024	 None 	
7 4 		9	-0.5164	0.1620	0.2496	 None 	
7 4 		10	-0.5788	0.0393	0.0474	 None 	
7 4 		A	-0.7630	-0.1977	-0.4884	 None 	
7 5 		2	-0.2841	-0.2484	 None 	 None 	
7 5 		3	-0.2415	-0.2235	 None 	 None 	
7 5 		4	-0.1953	-0.1890	 None 	 None 	
7 5 		5	-0.1689	-0.1977	 None 	 None 	
7 5 		6	-0.1701	-0.1638	 None 	 None 	
7 5 		7	-0.5026	-0.1845	 None 	 None 	
7 5 		8	-0.5278	-0.2739	 None 	 None 	
7 5 		9	-0.5416	-0.3336	 None 	 None 	
7 5 		10	-0.5968	-0.4296	 None 	 None 	
7 5 		A	-0.7696	-0.5344	 None 	 None 	
7 6 		2	-0.3009	-0.3324	 None 	 None 	
7 6 		3	-0.2499	-0.2853	 None 	 None 	
7 6 		4	-0.2007	-0.2754	 None 	 None 	
7 6 		5	-0.1725	-0.2838	 None 	 None 	
7 6 		6	-0.1449	-0.2367	 None 	 None 	
7 6 		7	-0.4701	-0.2865	 None 	 None 	
7 6 		8	-0.5044	-0.3201	 None 	 None 	
7 6 		9	-0.5254	-0.3972	 None 	 None 	
7 6 		10	-0.5758	-0.4719	 None 	 None 	
7 6 		A	-0.7744	-0.6025	 None 	 None 	
7 7 		2	-0.2829	-0.3519	 None 	-0.2250	
7 7 		3	-0.2163	-0.3102	 None 	-0.0828	
7 7 		4	-0.1857	-0.3393	 None 	-0.0393	
7 7 		5	-0.1827	-0.3402	 None 	-0.0204	
7 7 		6	-0.1587	-0.3036	 None 	0.0588	
7 7 		7	-0.4917	-0.3285	 None 	-0.1641	
7 7 		8	-0.5314	-0.3771	 None 	-0.4296	
7 7 		9	-0.5518	-0.4215	 None 	-0.6046	
7 7 		10	-0.5386	-0.4986	 None 	-0.7009	
7 7 		A	-0.7576	-0.5944	 None 	-1.0105	
7 8 		2	-0.3021	-0.4248	 None 	 None 	
7 8 		3	-0.2379	-0.4044	 None 	 None 	
7 8 		4	-0.1935	-0.3798	 None 	 None 	
7 8 		5	-0.1407	-0.3843	 None 	 None 	
7 8 		6	-0.1791	-0.3714	 None 	 None 	
7 8 		7	-0.4623	-0.3723	 None 	 None 	
7 8 		8	-0.5284	-0.4284	 None 	 None 	
7 8 		9	-0.5422	-0.4383	 None 	 None 	
7 8 		10	-0.5782	-0.5392	 None 	 None 	
7 8 		A	-0.7810	-0.6244	 None 	 None 	
7 9 		2	-0.2883	-0.4716	 None 	 None 	
7 9 		3	-0.2541	-0.4749	 None 	 None 	
7 9 		4	-0.2145	-0.4620	 None 	 None 	
7 9 		5	-0.1515	-0.4659	 None 	 None 	
7 9 		6	-0.1509	-0.4248	 None 	 None 	
7 9 		7	-0.4965	-0.4509	 None 	 None 	
7 9 		8	-0.5362	-0.4827	 None 	 None 	
7 9 		9	-0.5308	-0.4989	 None 	 None 	
7 9 		10	-0.5872	-0.5812	 None 	 None 	
7 9 		A	-0.7876	-0.6574	 None 	 None 	
7 10 		2	-0.1323	-0.5497	 None 	 None 	
7 10 		3	-0.0900	-0.5380	 None 	 None 	
7 10 		4	-0.0840	-0.5152	 None 	 None 	
7 10 		5	-0.0474	-0.5425	 None 	 None 	
7 10 		6	0.0003	-0.5089	 None 	 None 	
7 10 		7	-0.0813	-0.4512	 None 	 None 	
7 10 		8	-0.3777	-0.5047	 None 	 None 	
7 10 		9	-0.4080	-0.5326	 None 	 None 	
7 10 		10	-0.4605	-0.6358	 None 	 None 	
7 10 		A	-0.6412	-0.6772	 None 	 None 	
7 A 		2	0.0876	0.0435	 None 	 None 	
7 A 		3	0.1452	0.0924	 None 	 None 	
7 A 		4	0.1764	0.1254	 None 	 None 	
7 A 		5	0.1911	0.1311	 None 	 None 	
7 A 		6	0.2643	0.1575	 None 	 None 	
7 A 		7	0.4077	0.1593	 None 	 None 	
7 A 		8	0.1224	0.0585	 None 	 None 	
7 A 		9	-0.1503	-0.0720	 None 	 None 	
7 A 		10	-0.2382	-0.2127	 None 	 None 	
7 A 		A	-0.3657	-0.3516	 None 	 None 	
8 2 		2	-0.2931	0.1908	0.3594	 None 	
8 2 		3	-0.2535	0.2229	0.4176	 None 	
8 2 		4	-0.2133	0.2268	0.4890	 None 	
8 2 		5	-0.1305	0.2772	0.5551	 None 	
8 2 		6	-0.1221	0.2946	0.6079	 None 	
8 2 		7	-0.4797	0.2736	0.3978	 None 	
8 2 		8	-0.4899	0.2121	0.3480	 None 	
8 2 		9	-0.5482	0.1251	0.1386	 None 	
8 2 		10	-0.5620	-0.0282	-0.1560	 None 	
8 2 		A	-0.7642	-0.2433	-0.6595	 None 	
8 3 		2	-0.2943	0.2178	0.5413	 None 	
8 3 		3	-0.2343	0.2559	0.5299	 None 	
8 3 		4	-0.1941	0.2895	0.5995	 None 	
8 3 		5	-0.1587	0.3231	0.6241	 None 	
8 3 		6	-0.1641	0.3273	0.6433	 None 	
8 3 		7	-0.5008	0.2742	0.4290	 None 	
8 3 		8	-0.5176	0.2328	0.3438	 None 	
8 3 		9	-0.5230	0.1464	0.2526	 None 	
8 3 		10	-0.5782	0.0351	0.0126	 None 	
8 3 		A	-0.7522	-0.1869	-0.5017	 None 	
8 4 		2	-0.3159	-0.2622	 None 	 None 	
8 4 		3	-0.2637	-0.2604	 None 	 None 	
8 4 		4	-0.2049	-0.2370	 None 	 None 	
8 4 		5	-0.1971	-0.2151	 None 	 None 	
8 4 		6	-0.1749	-0.1902	 None 	 None 	
8 4 		7	-0.4635	-0.2118	 None 	 None 	
8 4 		8	-0.5104	-0.2892	 None 	 None 	
8 4 		9	-0.5224	-0.3525	 None 	 None 	
8 4 		10	-0.5542	-0.3924	 None 	 None 	
8 4 		A	-0.7714	-0.5149	 None 	 None 	
8 5 		2	-0.2781	-0.3096	 None 	 None 	
8 5 		3	-0.2835	-0.3249	 None 	 None 	
8 5 		4	-0.2199	-0.2733	 None 	 None 	
8 5 		5	-0.1767	-0.2610	 None 	 None 	
8 5 		6	-0.1473	-0.2214	 None 	 None 	
8 5 		7	-0.4845	-0.2703	 None 	 None 	
8 5 		8	-0.5326	-0.3351	 None 	 None 	
8 5 		9	-0.5524	-0.3816	 None 	 None 	
8 5 		10	-0.5620	-0.4845	 None 	 None 	
8 5 		A	-0.7600	-0.5782	 None 	 None 	
8 6 		2	-0.2715	-0.3537	 None 	 None 	
8 6 		3	-0.2781	-0.3606	 None 	 None 	
8 6 		4	-0.2055	-0.3264	 None 	 None 	
8 6 		5	-0.1821	-0.3129	 None 	 None 	
8 6 		6	-0.1509	-0.3177	 None 	 None 	
8 6 		7	-0.4731	-0.3276	 None 	 None 	
8 6 		8	-0.5122	-0.3657	 None 	 None 	
8 6 		9	-0.5416	-0.4149	 None 	 None 	
8 6 		10	-0.5794	-0.5194	 None 	 None 	
8 6 		A	-0.7822	-0.6124	 None 	 None 	
8 7 		2	-0.2931	-0.4191	 None 	 None 	
8 7 		3	-0.2481	-0.4125	 None 	 None 	
8 7 		4	-0.2073	-0.3636	 None 	 None 	
8 7 		5	-0.1773	-0.3900	 None 	 None 	
8 7 		6	-0.1245	-0.3522	 None 	 None 	
8 7 		7	-0.4887	-0.3582	 None 	 None 	
8 7 		8	-0.5278	-0.4218	 None 	 None 	
8 7 		9	-0.5680	-0.4833	 None 	 None 	
8 7 		10	-0.5464	-0.5233	 None 	 None 	
8 7 		A	-0.7606	-0.6229	 None 	 None 	
8 8 		2	-0.2805	-0.4713	 None 	-0.0396	
8 8 		3	-0.2523	-0.4596	 None 	0.0204	
8 8 		4	-0.2187	-0.4554	 None 	0.0639	
8 8 		5	-0.1743	-0.4632	 None 	0.1437	
8 8 		6	-0.1347	-0.4140	 None 	0.2310	
8 8 		7	-0.4623	-0.4128	 None 	0.2172	
8 8 		8	-0.4953	-0.4833	 None 	-0.0855	
8 8 		9	-0.5518	-0.4959	 None 	-0.3777	
8 8 		10	-0.5728	-0.5722	 None 	-0.6001	
8 8 		A	-0.7912	-0.6775	 None 	-0.9055	
8 9 		2	-0.1449	-0.5359	 None 	 None 	
8 9 		3	-0.1104	-0.5356	 None 	 None 	
8 9 		4	-0.0912	-0.5311	 None 	 None 	
8 9 		5	-0.0693	-0.5137	 None 	 None 	
8 9 		6	0.0465	-0.5014	 None 	 None 	
8 9 		7	-0.1053	-0.4689	 None 	 None 	
8 9 		8	-0.3888	-0.4932	 None 	 None 	
8 9 		9	-0.4131	-0.5548	 None 	 None 	
8 9 		10	-0.4698	-0.6028	 None 	 None 	
8 9 		A	-0.6499	-0.7063	 None 	 None 	
8 10 		2	0.1305	-0.6073	 None 	 None 	
8 10 		3	0.1566	-0.6196	 None 	 None 	
8 10 		4	0.1980	-0.6364	 None 	 None 	
8 10 		5	0.1779	-0.6121	 None 	 None 	
8 10 		6	0.3444	-0.6109	 None 	 None 	
8 10 		7	0.3948	-0.5881	 None 	 None 	
8 10 		8	0.0960	-0.5797	 None 	 None 	
8 10 		9	-0.2037	-0.6154	 None 	 None 	
8 10 		10	-0.2427	-0.6616	 None 	 None 	
8 10 		A	-0.3795	-0.7489	 None 	 None 	
8 A 		2	0.3837	0.1215	 None 	 None 	
8 A 		3	0.4227	0.1521	 None 	 None 	
8 A 		4	0.4128	0.1800	 None 	 None 	
8 A 		5	0.4665	0.2385	 None 	 None 	
8 A 		6	0.5008	0.2634	 None 	 None 	
8 A 		7	0.6184	0.2271	 None 	 None 	
8 A 		8	0.6079	0.1413	 None 	 None 	
8 A 		9	0.2871	0.0201	 None 	 None 	
8 A 		10	-0.0186	-0.1695	 None 	 None 	
8 A 		A	-0.1374	-0.3234	 None 	 None 	
9 2 		2	-0.3213	0.2163	0.4284	 None 	
9 2 		3	-0.2637	0.2391	0.4782	 None 	
9 2 		4	-0.2181	0.2835	0.5545	 None 	
9 2 		5	-0.1401	0.3303	0.6475	 None 	
9 2 		6	-0.1671	0.3309	0.6583	 None 	
9 2 		7	-0.4851	0.2793	0.4812	 None 	
9 2 		8	-0.5206	0.2118	0.2970	 None 	
9 2 		9	-0.5236	0.1467	0.2172	 None 	
9 2 		10	-0.5860	0.0444	-0.0354	 None 	
9 2 		A	-0.7540	-0.2130	-0.5101	 None 	
9 3 		2	-0.2853	-0.2370	 None 	 None 	
9 3 		3	-0.2403	-0.2274	 None 	 None 	
9 3 		4	-0.2121	-0.1896	 None 	 None 	
9 3 		5	-0.1827	-0.2142	 None 	 None 	
9 3 		6	-0.1665	-0.1950	 None 	 None 	
9 3 		7	-0.4839	-0.2064	 None 	 None 	
9 3 		8	-0.4983	-0.3090	 None 	 None 	
9 3 		9	-0.5482	-0.3285	 None 	 None 	
9 3 		10	-0.5860	-0.4407	 None 	 None 	
9 3 		A	-0.7882	-0.5590	 None 	 None 	
9 4 		2	-0.3015	-0.3087	 None 	 None 	
9 4 		3	-0.2523	-0.2721	 None 	 None 	
9 4 		4	-0.2181	-0.2601	 None 	 None 	
9 4 		5	-0.1509	-0.2373	 None 	 None 	
9 4 		6	-0.1503	-0.2250	 None 	 None 	
9 4 		7	-0.4839	-0.2553	 None 	 None 	
9 4 		8	-0.5068	-0.3180	 None 	 None 	
9 4 		9	-0.5524	-0.3951	 None 	 None 	
9 4 		10	-0.5878	-0.4674	 None 	 None 	
9 4 		A	-0.7624	-0.5833	 None 	 None 	
9 5 		2	-0.3309	-0.3717	 None 	 None 	
9 5 		3	-0.2463	-0.3612	 None 	 None 	
9 5 		4	-0.2145	-0.3498	 None 	 None 	
9 5 		5	-0.1611	-0.3378	 None 	 None 	
9 5 		6	-0.1683	-0.2871	 None 	 None 	
9 5 		7	-0.4629	-0.2979	 None 	 None 	
9 5 		8	-0.4929	-0.3507	 None 	 None 	
9 5 		9	-0.5344	-0.3957	 None 	 None 	
9 5 		10	-0.5644	-0.5134	 None 	 None 	
9 5 		A	-0.7552	-0.6103	 None 	 None 	
9 6 		2	-0.3099	-0.4323	 None 	 None 	
9 6 		3	-0.2553	-0.4197	 None 	 None 	
9 6 		4	-0.2169	-0.3864	 None 	 None 	
9 6 		5	-0.1977	-0.3579	 None 	 None 	
9 6 		6	-0.1605	-0.3687	 None 	 None 	
9 6 		7	-0.4641	-0.3600	 None 	 None 	
9 6 		8	-0.5314	-0.4392	 None 	 None 	
9 6 		9	-0.5512	-0.4692	 None 	 None 	
9 6 		10	-0.6076	-0.5263	 None 	 None 	
9 6 		A	-0.7618	-0.6331	 None 	 None 	
9 7 		2	-0.3165	-0.4929	 None 	 None 	
9 7 		3	-0.2985	-0.4743	 None 	 None 	
9 7 		4	-0.1911	-0.4518	 None 	 None 	
9 7 		5	-0.1539	-0.4371	 None 	 None 	
9 7 		6	-0.1509	-0.4344	 None 	 None 	
9 7 		7	-0.4671	-0.4245	 None 	 None 	
9 7 		8	-0.5062	-0.4653	 None 	 None 	
9 7 		9	-0.5410	-0.5317	 None 	 None 	
9 7 		10	-0.5668	-0.5647	 None 	 None 	
9 7 		A	-0.7636	-0.6703	 None 	 None 	
9 8 		2	-0.1944	-0.5395	 None 	 None 	
9 8 		3	-0.1314	-0.5350	 None 	 None 	
9 8 		4	-0.0924	-0.5257	 None 	 None 	
9 8 		5	-0.0330	-0.5200	 None 	 None 	
9 8 		6	0.0204	-0.4953	 None 	 None 	
9 8 		7	-0.1128	-0.4836	 None 	 None 	
9 8 		8	-0.3756	-0.5008	 None 	 None 	
9 8 		9	-0.4491	-0.5521	 None 	 None 	
9 8 		10	-0.4620	-0.6160	 None 	 None 	
9 8 		A	-0.6511	-0.6910	 None 	 None 	
9 9 		2	0.0951	-0.6262	 None 	0.1215	
9 9 		3	0.1305	-0.6406	 None 	0.1869	
9 9 		4	0.1971	-0.6160	 None 	0.3282	
9 9 		5	0.2100	-0.6184	 None 	0.3360	
9 9 		6	0.2724	-0.5803	 None 	0.3342	
9 9 		7	0.4005	-0.5974	 None 	0.3672	
9 9 		8	0.0993	-0.5755	 None 	0.1812	
9 9 		9	-0.1923	-0.6181	 None 	-0.1299	
9 9 		10	-0.2121	-0.6721	 None 	-0.4011	
9 9 		A	-0.3762	-0.7450	 None 	-0.7129	
9 10 		2	0.3813	-0.7345	 None 	 None 	
9 10 		3	0.4047	-0.7204	 None 	 None 	
9 10 		4	0.4212	-0.7243	 None 	 None 	
9 10 		5	0.4674	-0.7243	 None 	 None 	
9 10 		6	0.5062	-0.7420	 None 	 None 	
9 10 		7	0.6082	-0.7111	 None 	 None 	
9 10 		8	0.5920	-0.7153	 None 	 None 	
9 10 		9	0.2694	-0.7240	 None 	 None 	
9 10 		10	-0.0174	-0.7429	 None 	 None 	
9 10 		A	-0.1107	-0.8221	 None 	 None 	
9 A 		2	0.6532	0.1767	 None 	 None 	
9 A 		3	0.6571	0.2196	 None 	 None 	
9 A 		4	0.6598	0.2442	 None 	 None 	
9 A 		5	0.6718	0.2748	 None 	 None 	
9 A 		6	0.7126	0.3147	 None 	 None 	
9 A 		7	0.7780	0.2610	 None 	 None 	
9 A 		8	0.7846	0.1845	 None 	 None 	
9 A 		9	0.7567	0.0927	 None 	 None 	
9 A 		10	0.4437	-0.0477	 None 	 None 	
9 A 		A	0.1182	-0.2901	 None 	 None 	
10 2 		2	-0.3135	-0.2658	 None 	 None 	
10 2 		3	-0.2457	-0.2289	 None 	 None 	
10 2 		4	-0.2289	-0.2046	 None 	 None 	
10 2 		5	-0.1485	-0.1956	 None 	 None 	
10 2 		6	-0.1245	-0.1614	 None 	 None 	
10 2 		7	-0.4887	-0.2391	 None 	 None 	
10 2 		8	-0.5416	-0.2685	 None 	 None 	
10 2 		9	-0.5314	-0.3462	 None 	 None 	
10 2 		10	-0.5536	-0.4146	 None 	 None 	
10 2 		A	-0.7882	-0.5467	 None 	 None 	
10 3 		2	-0.2763	-0.2703	 None 	 None 	
10 3 		3	-0.2433	-0.2778	 None 	 None 	
10 3 		4	-0.2313	-0.2841	 None 	 None 	
10 3 		5	-0.1773	-0.2730	 None 	 None 	
10 3 		6	-0.1491	-0.2358	 None 	 None 	
10 3 		7	-0.4791	-0.2577	 None 	 None 	
10 3 		8	-0.5326	-0.3228	 None 	 None 	
10 3 		9	-0.5434	-0.3726	 None 	 None 	
10 3 		10	-0.5962	-0.4890	 None 	 None 	
10 3 		A	-0.7690	-0.5743	 None 	 None 	
10 4 		2	-0.2811	-0.3483	 None 	 None 	
10 4 		3	-0.2277	-0.3321	 None 	 None 	
10 4 		4	-0.2211	-0.3276	 None 	 None 	
10 4 		5	-0.1887	-0.3240	 None 	 None 	
10 4 		6	-0.1443	-0.3072	 None 	 None 	
10 4 		7	-0.4797	-0.3309	 None 	 None 	
10 4 		8	-0.4953	-0.3645	 None 	 None 	
10 4 		9	-0.5506	-0.4293	 None 	 None 	
10 4 		10	-0.5860	-0.4992	 None 	 None 	
10 4 		A	-0.7840	-0.6241	 None 	 None 	
10 5 		2	-0.2961	-0.4431	 None 	 None 	
10 5 		3	-0.2205	-0.4179	 None 	 None 	
10 5 		4	-0.2241	-0.3870	 None 	 None 	
10 5 		5	-0.1743	-0.3582	 None 	 None 	
10 5 		6	-0.1659	-0.3828	 None 	 None 	
10 5 		7	-0.4689	-0.3654	 None 	 None 	
10 5 		8	-0.4881	-0.4191	 None 	 None 	
10 5 		9	-0.5182	-0.4728	 None 	 None 	
10 5 		10	-0.5788	-0.5620	 None 	 None 	
10 5 		A	-0.7720	-0.6439	 None 	 None 	
10 6 		2	-0.2841	-0.4713	 None 	 None 	
10 6 		3	-0.2379	-0.4635	 None 	 None 	
10 6 		4	-0.2379	-0.4425	 None 	 None 	
10 6 		5	-0.1305	-0.4686	 None 	 None 	
10 6 		6	-0.1389	-0.4176	 None 	 None 	
10 6 		7	-0.4461	-0.3960	 None 	 None 	
10 6 		8	-0.4995	-0.4539	 None 	 None 	
10 6 		9	-0.5572	-0.5089	 None 	 None 	
10 6 		10	-0.5818	-0.5815	 None 	 None 	
10 6 		A	-0.7612	-0.6742	 None 	 None 	
10 7 		2	-0.1614	-0.5503	 None 	 None 	
10 7 		3	-0.1164	-0.5527	 None 	 None 	
10 7 		4	-0.0579	-0.5170	 None 	 None 	
10 7 		5	-0.0207	-0.5275	 None 	 None 	
10 7 		6	0.0246	-0.5125	 None 	 None 	
10 7 		7	-0.1152	-0.4881	 None 	 None 	
10 7 		8	-0.3681	-0.5137	 None 	 None 	
10 7 		9	-0.4368	-0.5374	 None 	 None 	
10 7 		10	-0.4467	-0.6316	 None 	 None 	
10 7 		A	-0.6202	-0.6706	 None 	 None 	
10 8 		2	0.1095	-0.6205	 None 	 None 	
10 8 		3	0.1431	-0.6316	 None 	 None 	
10 8 		4	0.1536	-0.6352	 None 	 None 	
10 8 		5	0.1947	-0.6016	 None 	 None 	
10 8 		6	0.2520	-0.6121	 None 	 None 	
10 8 		7	0.3864	-0.6127	 None 	 None 	
10 8 		8	0.1194	-0.5803	 None 	 None 	
10 8 		9	-0.1857	-0.6196	 None 	 None 	
10 8 		10	-0.2379	-0.6433	 None 	 None 	
10 8 		A	-0.3921	-0.7327	 None 	 None 	
10 9 		2	0.4065	-0.7228	 None 	 None 	
10 9 		3	0.4293	-0.7288	 None 	 None 	
10 9 		4	0.4371	-0.7177	 None 	 None 	
10 9 		5	0.4848	-0.7363	 None 	 None 	
10 9 		6	0.5074	-0.6883	 None 	 None 	
10 9 		7	0.6088	-0.7102	 None 	 None 	
10 9 		8	0.6142	-0.7240	 None 	 None 	
10 9 		9	0.3039	-0.7138	 None 	 None 	
10 9 		10	-0.0255	-0.7417	 None 	 None 	
10 9 		A	-0.1308	-0.8173	 None 	 None 	
10 10 		2	0.6343	-0.8482	 None 	0.4898	
10 10 		3	0.6439	-0.8473	 None 	0.4830	
10 10 		4	0.6679	-0.8608	 None 	0.5623	
10 10 		5	0.6739	-0.8575	 None 	0.5996	
10 10 		6	0.7036	-0.8422	 None 	0.6338	
10 10 		7	0.7777	-0.8719	 None 	0.6119	
10 10 		8	0.7972	-0.8416	 None 	0.5053	
10 10 		9	0.7804	-0.8479	 None 	0.3212	
10 10 		10	0.4182	-0.8515	 None 	-0.0773	
10 10 		A	0.1671	-0.8902	 None 	-0.3783	
10 A 		2	1.5000	0.1734	 None 	 None 	
10 A 		3	1.5000	0.1908	 None 	 None 	
10 A 		4	1.5000	0.2316	 None 	 None 	
10 A 		5	1.5000	0.2343	 None 	 None 	
10 A 		6	1.5000	0.2538	 None 	 None 	
10 A 		7	1.5000	0.2685	 None 	 None 	
10 A 		8	1.5000	0.1638	 None 	 None 	
10 A 		9	1.5000	0.0942	 None 	 None 	
10 A 		10	1.3794	-0.0144	 None 	 None 	
10 A 		A	1.0374	-0.2583	 None 	 None 	
A 2 		2	-0.2721	-0.0183	 None 	 None 	
A 2 		3	-0.2631	-0.0021	 None 	 None 	
A 2 		4	-0.1881	0.0450	 None 	 None 	
A 2 		5	-0.1503	0.0756	 None 	 None 	
A 2 		6	-0.1443	0.0849	 None 	 None 	
A 2 		7	-0.4653	0.0735	 None 	 None 	
A 2 		8	-0.4923	0.0210	 None 	 None 	
A 2 		9	-0.5326	-0.0885	 None 	 None 	
A 2 		10	-0.5662	-0.1818	 None 	 None 	
A 2 		A	-0.7798	-0.3828	 None 	 None 	
A 3 		2	-0.3009	-0.0414	 None 	 None 	
A 3 		3	-0.2571	-0.0105	 None 	 None 	
A 3 		4	-0.2013	0.0339	 None 	 None 	
A 3 		5	-0.1557	0.0681	 None 	 None 	
A 3 		6	-0.1233	0.0987	 None 	 None 	
A 3 		7	-0.4947	0.0603	 None 	 None 	
A 3 		8	-0.5176	-0.0105	 None 	 None 	
A 3 		9	-0.5440	-0.1098	 None 	 None 	
A 3 		10	-0.5806	-0.2496	 None 	 None 	
A 3 		A	-0.7828	-0.4023	 None 	 None 	
A 4 		2	-0.3171	-0.0732	 None 	 None 	
A 4 		3	-0.2667	-0.0084	 None 	 None 	
A 4 		4	-0.2151	0.0198	 None 	 None 	
A 4 		5	-0.1677	0.0525	 None 	 None 	
A 4 		6	-0.1617	0.0798	 None 	 None 	
A 4 		7	-0.4857	0.0198	 None 	 None 	
A 4 		8	-0.5290	-0.0573	 None 	 None 	
A 4 		9	-0.5410	-0.1311	 None 	 None 	
A 4 		10	-0.5740	-0.2697	 None 	 None 	
A 4 		A	-0.7738	-0.4251	 None 	 None 	
A 5 		2	-0.2931	-0.0360	 None 	 None 	
A 5 		3	-0.2565	-0.0120	 None 	 None 	
A 5 		4	-0.2145	0.0132	 None 	 None 	
A 5 		5	-0.1611	0.0465	 None 	 None 	
A 5 		6	-0.1563	0.0816	 None 	 None 	
A 5 		7	-0.4947	-0.0405	 None 	 None 	
A 5 		8	-0.4953	-0.0645	 None 	 None 	
A 5 		9	-0.5230	-0.1980	 None 	 None 	
A 5 		10	-0.5686	-0.2760	 None 	 None 	
A 5 		A	-0.7774	-0.4383	 None 	 None 	
A 6 		2	-0.1560	-0.0057	 None 	 None 	
A 6 		3	-0.1218	0.0084	 None 	 None 	
A 6 		4	-0.0783	0.0474	 None 	 None 	
A 6 		5	-0.0369	0.1164	 None 	 None 	
A 6 		6	-0.0006	0.1026	 None 	 None 	
A 6 		7	-0.1044	0.0534	 None 	 None 	
A 6 		8	-0.3726	-0.0690	 None 	 None 	
A 6 		9	-0.4353	-0.1422	 None 	 None 	
A 6 		10	-0.4632	-0.2751	 None 	 None 	
A 6 		A	-0.6574	-0.4611	 None 	 None 	
A 7 		2	0.1467	0.0777	 None 	 None 	
A 7 		3	0.1740	0.0909	 None 	 None 	
A 7 		4	0.1881	0.1263	 None 	 None 	
A 7 		5	0.2013	0.1323	 None 	 None 	
A 7 		6	0.3018	0.2100	 None 	 None 	
A 7 		7	0.4101	0.1881	 None 	 None 	
A 7 		8	0.1359	0.0468	 None 	 None 	
A 7 		9	-0.1554	-0.0924	 None 	 None 	
A 7 		10	-0.2178	-0.2064	 None 	 None 	
A 7 		A	-0.3732	-0.4011	 None 	 None 	
A 8 		2	0.4038	0.1656	 None 	 None 	
A 8 		3	0.4122	0.1557	 None 	 None 	
A 8 		4	0.4149	0.1590	 None 	 None 	
A 8 		5	0.4341	0.2016	 None 	 None 	
A 8 		6	0.5041	0.2556	 None 	 None 	
A 8 		7	0.6076	0.2193	 None 	 None 	
A 8 		8	0.5971	0.1563	 None 	 None 	
A 8 		9	0.3024	0.0081	 None 	 None 	
A 8 		10	-0.0297	-0.1521	 None 	 None 	
A 8 		A	-0.1221	-0.3054	 None 	 None 	
A 9 		2	0.6382	0.1869	 None 	 None 	
A 9 		3	0.6274	0.2040	 None 	 None 	
A 9 		4	0.6535	0.2151	 None 	 None 	
A 9 		5	0.6856	0.2499	 None 	 None 	
A 9 		6	0.7183	0.2922	 None 	 None 	
A 9 		7	0.7711	0.2559	 None 	 None 	
A 9 		8	0.7924	0.2049	 None 	 None 	
A 9 		9	0.7600	0.1287	 None 	 None 	
A 9 		10	0.4329	-0.0534	 None 	 None 	
A 9 		A	0.1317	-0.2760	 None 	 None 	
A 10 		2	1.5000	0.1926	 None 	 None 	
A 10 		3	1.5000	0.2124	 None 	 None 	
A 10 		4	1.5000	0.2274	 None 	 None 	
A 10 		5	1.5000	0.2484	 None 	 None 	
A 10 		6	1.5000	0.2571	 None 	 None 	
A 10 		7	1.5000	0.2169	 None 	 None 	
A 10 		8	1.5000	0.1719	 None 	 None 	
A 10 		9	1.5000	0.1257	 None 	 None 	
A 10 		10	1.3794	0.0159	 None 	 None 	
A 10 		A	1.0347	-0.2394	 None 	 None 	
A A 		2	-0.2997	-0.0291	 None 	0.9311	
A A 		3	-0.2661	-0.0306	 None 	0.9127	
A A 		4	-0.2277	0.0048	 None 	0.9443	
A A 		5	-0.1377	0.0951	 None 	1.0279	
A A 		6	-0.1875	0.0666	 None 	0.9523	
A A 		7	-0.4905	0.1440	 None 	1.2387	
A A 		8	-0.5026	0.0684	 None 	1.0492	
A A 		9	-0.5494	-0.0453	 None 	0.9163	
A A 		10	-0.5872	-0.1956	 None 	0.6353	
A A 		A	-0.7696	-0.3576	 None 	0.1872	
